ax,ay,az,gx,gy,gz
-1012,-1712,15584,-1823,633,17
-1620,-348,16616,-227,671,1005
-1736,-844,16804,380,-332,-26
-1272,-1240,15848,2444,316,1972
-876,-188,16052,-616,229,-56
-1960,-40,15936,-199,271,-477
-2236,204,16108,-388,-93,-41
-2280,-68,16588,-316,-381,128
-2000,-580,16972,-512,-2813,-837
64,-848,13712,-2280,-1411,-1084
-508,-948,16200,-353,-220,893
-20,-472,15852,-1180,-527,87
-680,-1028,17136,-1025,747,21
-916,-2556,16572,-2267,-925,-620
248,-2648,15608,-3592,-1881,1336
-144,-3776,15756,-1503,-1204,-95
188,-2392,15260,201,-1885,1188
604,-3844,15832,-14,569,865
1092,-3064,17272,2882,-1021,1465
1128,-3880,16260,1219,-508,-488
ax,ay,az,gx,gy,gz
-9920,-584,9804,341,1492,32163
1400,-18524,13460,1605,2878,-8008
-4676,-8104,11664,-2083,2595,-2085
-7396,-11356,9976,-1523,-1701,282
-5612,-10172,10740,-2439,-1287,-979
-2940,-13280,12200,-5675,7559,-5706
-5744,-13684,9436,3029,-14090,8213
-9468,-11664,9904,-3994,24145,-1143
-6776,-11084,9160,1595,-827,-409
-5948,-11476,11240,-1497,3684,10
-8860,-9836,9676,191,1567,818
-7188,-8492,8920,723,5348,3335
-12756,-11440,9288,-1217,2737,-2070
-10556,-9104,7868,-1639,-3491,628
-12788,-5164,6600,-1789,596,5737
-14252,-3796,5520,-726,2835,5780
-14808,-5640,4272,-4997,-1662,6424
-19616,-3596,3472,-3727,-16117,-201
-13328,-3296,7068,-1086,5559,8050
-16096,-92,2636,-2381,6715,-305
-13816,1036,1140,-630,1514,1405
-15032,-1852,-332,-2605,-1169,1650
-17736,-788,1184,18496,-31961,8638
-19876,6280,2720,6457,5844,7945
-14744,-1728,5908,15626,-6785,-10418
-17532,736,6196,829,-1313,-10945
-13868,2668,3136,829,5800,-1583
-13388,-1312,4504,-2982,1160,-7249
-15440,2904,3080,-1990,892,1180
-15096,2896,2180,-3849,85,-399
-14752,2412,1948,-3429,-1417,992
-15208,1764,1472,-3176,799,-2501
-15508,1944,1696,-4394,984,-487
-15308,1676,1612,-4038,2731,2118
-15792,1828,1696,-3864,3787,1540
-16524,1952,1428,-3970,3790,-978
-17268,2012,1372,-4028,2566,-308
-17756,2120,1564,-4121,690,1485
-17452,2084,1476,-4416,-1218,556
-16848,2064,1536,-4617,-2617,-1453
-16072,1800,1516,-4409,-2549,409
-15548,1820,1576,-4047,-1504,2340
-15056,1800,1720,-3798,854,643
-15348,1732,1596,-3525,2488,-484
-15896,1820,1604,-3223,3400,1120
-16672,1948,1484,-3124,3205,1450
-17188,2064,1420,-3345,2196,-903
-17624,2036,1444,-3506,622,-1618
-17376,2016,1488,-3589,-1432,691
-16672,1956,1620,-3643,-2631,1131
-15788,1876,1508,-3614,-2266,-476
-15388,1712,1552,-3244,-874,424
-15260,1728,1636,-2708,1042,2287
-15704,1872,1612,-2504,2644,738
-16464,1952,1540,-2439,3219,-1122
-17024,2048,1492,3235,1811,-1080
-17284,2364,1640,1971,666,-1542
-17132,1980,1592,1577,-1129,82
-16360,2012,1548,1439,-2470,-260
-15944,1928,1600,1499,-2265,-1221
-15572,1780,1700,1850,-1218,-191
-15420,1804,1672,1552,605,741
-15336,2008,1432,5085,542,-297
-17504,1756,1164,642,1547,141
-16512,1772,1952,268,-2585,-527
-16092,1544,932,2142,736,-2119
-16528,2152,960,-1240,1011,143
-17172,2100,752,3294,1187,-1438
-17448,1900,636,1580,-373,-342
-16176,1792,368,898,-787,1240
-16596,1924,-316,2044,598,-560
-16312,2164,-56,-2588,639,770
-16820,2256,-724,4467,779,-1652
-16608,1944,-280,-1847,-411,205
-17844,2308,-1212,5116,-1623,-1069
-17808,1820,-1028,5,-1047,1344
-16780,1872,-852,-1306,-213,398
-16200,1988,-892,-825,157,-832
-17940,2540,-60,-4801,1401,-1110
-13376,1456,1728,-6601,854,3383
-14432,1652,1584,-6143,4743,814
-17276,2048,1504,-6313,5242,-3097
-19396,2324,1440,-6626,1724,-971
-19812,2388,1460,-6939,-2543,1566
-18296,2176,1544,-7122,-5877,1636
-15396,1604,1628,-6543,-5241,4466
-13208,1388,1752,-5359,-87,6909
-13232,1536,1616,-4786,5498,2487
-15300,1748,1572,-4578,9008,-1996
-18772,2184,1404,-4679,8760,-2116
-20344,2484,1436,-5313,4497,-2686
-19020,2324,1448,-6208,-1628,-4016
-16836,1996,1376,-6429,-6119,-905
-15468,1724,1468,-6357,-8440,3122
-14408,1584,1672,-6101,-6907,2750
-14160,1580,1956,-5370,-1027,705
-15060,1684,1700,-4418,4524,1880
-16308,1956,1480,-3822,7665,1981
-18168,2196,1360,-3708,7997,37
-19812,2364,1552,-4008,4285,510
-18884,2256,1508,-4345,-1432,3166
-16092,1864,1528,-4721,-4877,1559
-14112,1620,1776,-4777,-4531,-1429
-14040,1520,1728,-4286,-1791,-1434
-15064,1712,1736,-3640,2788,-1579
-13728,1520,1748,-3441,2623,-1459
-14848,1628,1616,-2572,6546,558
-17268,2048,1520,-1842,7201,4675
-19440,2340,1700,-1914,3579,5244
-18968,2344,1488,-2612,-2056,2178
-17244,1980,1488,-3017,-5377,961
-15692,1824,1584,-3088,-5691,-462
-14772,1772,1784,-2881,-2751,-3985
-14648,1636,1788,-2205,2588,-4992
-15324,1684,1664,-1336,6141,-1472
-16392,1948,1492,-1028,5927,701
-17980,2136,1528,-1036,3130,1398
-19384,2212,1600,-1280,-1953,3547
-18356,2188,1636,-1557,-6348,4826
-15824,1904,1568,-1583,-6594,1573
-14116,1596,1704,-1057,-2661,-1426
-14224,1588,1804,-293,2165,-1949
-15668,1804,1648,258,6483,-3244
-17384,1980,1628,297,6940,-4280
-17928,2064,1524,229,3528,-1274
-18172,2156,1520,41,-1151,2131
-18140,2152,1592,-191,-5482,2689
-16844,1876,1588,-43,-7189,2823
-14964,1680,1648,690,-4641,3565
-13932,1572,1684,1282,-249,939
-14624,1648,1600,1670,3671,-3142
-16604,1888,1644,1902,5648,-4059
-18348,2196,1584,1829,3985,-3135
-14460,1556,1728,2009,2119,-787
-14524,1676,1840,2441,-36,3017
-15696,1872,1676,3338,3816,3013
-17432,2024,1492,3804,4536,3980
-17764,2148,1516,3478,1745,1884
-17912,2208,1488,2634,-2234,-2277
-17880,2140,1508,1961,-6209,-4104
-16432,1932,1644,1926,-7440,-3369
-14900,1672,1648,2479,-4449,-3293
-14228,1628,1692,3478,302,-1945
-15048,1716,1628,4484,4829,1148
-16904,2020,1552,5110,7375,2202
-18448,2164,1556,4942,5555,473
-18076,2172,1512,4327,616,32
-17184,2080,1464,3748,-4384,345
-16388,1928,1452,3267,-7748,-582
-15684,1856,1604,3396,-7468,-808
-15116,1684,1756,4198,-3572,1063
-15020,1704,1556,4883,1082,710
-16276,1800,1476,5169,4147,-1879
-17932,2116,1536,4986,3867,-2868
-18608,2296,1480,4427,645,-3141
-17504,2072,1548,3832,-2785,-4161
-15724,1732,1516,3865,-4189,-2379
-14996,1672,1660,4469,-3278,1486
-15100,1720,1776,5295,-37,3291
-15984,1836,1728,6012,3297,2641
-16752,2016,1500,6254,3832,2269
-17200,2020,1568,5852,1467,561
-17948,2152,1492,5007,-2984,-2644
-17840,2144,1572,4387,-7451,-3583
-16364,1920,1580,4497,-7903,-2114
-14844,1688,1728,5156,-4372,-1715
-14476,1632,1672,5932,688,-1772
-15900,1824,1468,6701,5646,-827
-17564,2068,1572,6722,6484,-1394
-18228,2120,1580,6061,3243,-2680
-17492,2008,1492,5457,-1503,-1349
-16896,2016,1460,5209,-5023,1199
-16244,1864,1632,5252,-5872,2092
-15668,1824,1752,5715,-3474,2384
-15216,1680,1556,6284,207,2483
-15412,1828,1588,6318,2215,-30
-16700,1928,1640,5866,1781,-3384
-18164,2184,1688,5284,-1028,-4021
-18152,2184,1596,4753,-4440,-3096
-16912,1964,1516,4610,-5515,-2682
-15620,1820,1476,4969,-3599,-1234
-15248,1744,1600,5576,151,500
-15620,1816,1740,6021,4143,58
-16464,1924,1456,6071,5975,-1205
-16852,1996,1476,5613,3516,-388
-17300,2080,1516,5057,-665,573
-17912,2076,1596,4418,-4762,805
-17560,1976,1580,4098,-7016,1703
-15944,1840,1672,4191,-5751,2099
-14816,1724,1620,4379,-2341,-219
-15084,1756,1612,4480,1003,-3159
-16300,1952,1796,4478,3124,-4093
-17360,2036,1576,4229,2823,-4057
-17488,2176,1492,3756,655,-3414
-17072,1944,1520,3626,-1467,-598
-16928,2008,1592,3798,-2412,2650
-16580,1940,1724,3959,-1937,3196
-15836,1848,1720,4225,-91,2216
-15232,1804,1644,4296,1345,1263
-15688,1892,1572,4049,1404,-878
-17116,2036,1592,3443,-491,-2941
-18060,2092,1700,2960,-3196,-2560
-17584,2076,1536,2730,-4983,-1374
-16296,1904,1644,2830,-4147,-1184
-15672,1792,1680,3131,-1432,-635
-15744,1824,1808,3537,1995,159
-15988,1892,1832,3788,4795,-406
-16212,1912,1572,3578,4902,-1176
-16568,1924,1580,3168,2252,-251
-17272,2076,1464,2638,-1439,930
-17908,2096,1576,2134,-4888,990
-17304,2016,1636,1838,-6332,1169
-15840,1872,1504,1955,-4735,1206
-14988,1840,1588,2139,-1237,-593
-15528,1788,1680,2357,2907,-2843
-16696,1952,1760,2370,4955,-3077
-17236,2100,1640,2040,4127,-2591
-17172,2000,1560,1484,1268,-1775
-17028,1924,1580,1165,-1944,621
-17184,1932,1580,997,-4274,3141
-16580,1900,1636,989,-4437,3400
-15628,1776,1796,1154,-2304,2203
-15136,1796,1588,1285,430,778
-15724,1824,1568,1187,2566,-1643
-17112,2008,1668,859,3157,-4084
-17808,2132,1648,329,1463,-4037
-17128,2012,1536,-19,-822,-2232
-16252,1916,1676,-203,-2282,-298
-16060,1912,1588,-65,-2758,2039
-16172,1864,1812,242,-1749,4250
-16552,1884,1732,583,1173,3441
-16512,1956,1696,317,1451,1271
-16772,2012,1504,-90,980,-837
-17420,2120,1708,-648,66,-3132
-17352,2112,1704,-1173,-1009,-4599
-16340,1900,1692,-1334,-1202,-3339
-15396,1752,1560,-1163,-752,-523
-15408,1776,1656,-988,-159,1816
-16212,1936,1744,-770,508,3444
-17056,2024,1692,-665,729,4345
-17064,1980,1612,-902,301,3013
-16812,2004,1544,-1299,-40,27
-16868,1932,1552,-1688,-117,-2340
-17056,2000,1624,-2024,-30,-3192
-16372,1904,1724,-2149,612,-3397
-15564,1748,1752,-2151,1195,-2026
-15516,1760,1532,-2010,1164,963
-16432,1912,1736,-2021,155,2906
-17460,2084,1720,-2242,-1140,3037
-17424,2076,1604,-2492,-2262,2539
-16612,2004,1568,-2673,-2041,1491
-16224,1920,1620,-2756,-472,-561
-16280,1900,1676,-2718,1574,-1934
-16272,1836,1720,-2631,3499,-1430
-16012,1868,1700,-2668,4141,-560
-15868,1828,1644,-2880,2792,-74
-16548,1936,1584,-3267,222,571
-17536,2100,1640,-3679,-2500,1017
-17616,2096,1652,-4072,-4243,359
-16676,2000,1592,-4130,-3764,-278
-16560,1960,1556,-3501,939,921
-16996,2028,1688,-2717,5913,1964
-17412,2128,1656,-2866,4091,2395
-16888,1960,1624,-3400,962,988
-16564,2044,1468,-4060,-1940,-991
-16616,1964,1644,-4538,-3505,-2171
-16360,1996,1732,-4625,-2884,-2791
-15784,1900,1632,-4358,-634,-2401
-15648,1800,1636,-3894,1524,-160
-16208,1836,1472,-3511,2510,2744
-17276,2012,1648,-3361,1991,4184
-17664,2096,1692,-3513,310,4008
-16836,1976,1612,-3712,-1071,2955
-15932,1912,1540,-3961,-1090,470
-15868,1868,1560,-4087,97,-2327
-16244,1912,1772,-4052,2101,-3349
-16312,1900,1712,-3963,3491,-2452
-16360,1924,1488,-3970,3022,-1080
-16596,1944,1580,-4141,787,765
-17368,2028,1516,-4367,-2122,2530
-17460,2060,1580,-4656,-4264,2631
-16468,1916,1648,-4766,-4076,1539
-15548,1820,1616,-4572,-1536,885
-15460,1740,1644,-4084,1992,636
-16144,1824,1684,-3690,5044,363
-16992,2000,1520,-3542,6064,645
-17048,2052,1624,-3727,4068,1223
-16808,1960,1368,-4290,645,487
-16852,2076,1584,-4900,-2501,-1019
-16956,2040,1648,-5292,-4141,-1814
-16420,1944,1744,-5221,-3404,-1840
-15548,1720,1616,-4836,-876,-1213
-15708,1812,1548,-4191,1846,951
-16540,1940,1576,-3710,3052,3453
-17424,2032,1664,-3532,2563,4330
-17280,2032,1568,-3641,901,3548
-16544,1944,1596,-3877,-465,1898
-16136,1888,1572,-4131,-816,-729
-16268,1980,1668,-4233,16,-3202
-16324,1980,1720,-4108,1521,-3645
-16228,1848,1692,-3886,2506,-2159
-16052,1832,1516,-3739,2016,-234
-16588,1872,1664,-3663,296,1706
-17440,2008,1680,-3689,-1917,3267
-17332,2096,1716,-3783,-3378,3220
-16332,1872,1584,-3740,-2894,1677
-15600,1884,1592,-3438,-595,271
-15796,1832,1756,-3052,2372,-480
-16496,1936,1692,-2687,4957,-1132
-16876,1960,1668,-2608,5205,-904
-16652,1896,1548,-2812,3003,59
-16680,1960,1528,-3180,-344,398
-17068,2020,1612,-3524,-3512,8
-17068,1984,1676,-3639,-5038,-110
-16240,1904,1600,-3426,-4002,30
-15540,1740,1632,-2919,-1084,37
-15604,1764,1608,-2274,2247,613
-16436,1972,1764,-1676,4626,1763
-17200,2000,1624,-1401,4899,2100
-17008,1988,1540,-1514,3003,1264
-16604,2008,1528,-1857,96,229
-16636,1964,1612,-2281,-2626,-941
-16696,2028,1600,-2478,-4011,-2281
-16376,1932,1712,-2302,-3314,-2502
-15944,1812,1652,-1685,-841,-1011
-15924,1868,1672,-1103,1445,567
-16696,1952,1620,-589,2836,1991
-17320,2052,1700,-291,2581,3124
-16872,2044,1704,-280,1344,2589
-16080,1876,1648,-455,-70,619
-15864,1820,1700,-664,-1265,-1124
-16348,1940,1668,-790,-1775,-2472
-16856,1960,1668,-802,-1670,-3228
-16744,1976,1604,-527,-1382,-2095
-16324,1896,1624,-93,-574,-58
-16520,1916,1696,396,528,1553
-16636,1920,1808,857,1549,2568
-16424,1944,1596,1210,2289,2694
-16012,1856,1612,1242,2016,1161
-16304,1940,1624,939,291,-815
-16900,2032,1568,563,-1892,-1932
-17368,2068,1604,393,-3586,-2489
-16836,2024,1712,494,-3861,-2228
-16004,1816,1600,988,-2368,-821
-15784,1772,1672,1545,230,646
-16276,1952,1660,2115,2719,1103
-16684,1988,1620,2466,4102,1029
-16664,1956,1624,2493,3374,694
-16460,1936,1624,2156,793,-178
-16824,2052,1544,1735,-2349,-827
-17160,2072,1564,1519,-4771,-656
-16848,2024,1680,1600,-5244,-157
-15980,1840,1708,1918,-3473,-223
-15536,1744,1692,2411,-354,-512
-16064,1892,1628,2862,2568,-872
-17120,2020,1632,3033,4247,-1763
-17044,2012,1592,2757,2979,-1994
-16628,1920,1424,2480,407,-996
-16324,1916,1640,2306,-2286,345
-16556,1900,1684,2258,-3916,1569
-16620,1920,1680,2468,-3741,2452
-16160,1896,1600,2773,-2153,2191
-15788,1820,1544,2909,-97,283
-16192,1916,1624,2939,1341,-2150
-17004,2028,1776,2777,1616,-3604
-17292,2044,1580,2496,672,-4036
-16668,1884,1596,2360,-616,-3059
-16120,1856,1660,2441,-1361,-564
-16224,1884,1632,2761,-1264,2150
-16456,1924,1812,3095,-390,3443
-16492,1948,1656,3315,635,3140
-16240,1892,1664,3294,910,1598
-16304,1952,1580,2927,-28,-876
-16920,1976,1672,2400,-1567,-3167
-17228,2072,1604,2063,-3079,-3843
-16604,1972,1660,2067,-3350,-2918
-15788,2752,1260,11393,-2161,-8685
-17700,-76,4028,-999,484,-398
-16608,2176,4728,3715,-979,-706
-15680,1076,5348,319,1708,999
-15552,1740,5048,9114,-2167,-2855
-14576,2376,4576,-213,-440,1482
-15636,4860,5176,1690,-5139,-2936
-11980,156,10856,6456,-4880,4670
-12696,2328,9844,-438,-833,5667
-11200,6048,7828,4456,3227,-4064
-12732,4380,9204,2202,435,493
-13228,5516,9188,-413,-1449,-1263
-11576,5796,9484,-299,-1704,2157
-11152,6520,10452,-2404,338,4621
-9464,7980,10776,-890,661,363
-10096,7492,11104,-182,-109,440
-10120,7912,9416,1453,1280,160
-10520,7604,9868,104,-819,-1705
ax,ay,az,gx,gy,gz
-15212,4192,-2780,-276,3856,6094
-14796,6460,-1120,8122,2606,442
-14492,8048,-2436,-4442,-2206,-5214
-15060,4892,-1336,-3132,4861,1760
-17024,5680,-1460,-2739,3054,-11612
-18216,6452,-1540,-4939,237,1170
-16312,5360,-1364,-6610,-2383,8244
-13972,4560,-1144,-5419,-1998,-6458
-14200,4852,-1080,-4207,1641,-3897
-14952,4932,-1352,11299,1563,467
-16380,5396,-1476,10574,2018,1144
-17664,6000,-1496,9391,-1473,-1081
-18668,6240,-1800,285,-133,4275
-14808,5440,-1476,-8956,3136,4539
-15492,5060,-1380,-8374,4381,-7767
-16520,5656,-1508,-8671,4984,-2009
-16244,5444,-1492,-9928,3263,6069
-15208,4992,-1428,-9802,1615,-3232
-15340,5228,-1448,-9380,1932,-6493
-15500,5036,-1020,8720,1375,5062
-15092,4848,-1420,9732,1316,1491
-16752,5664,-1600,9909,140,-7399
-16988,5888,-1568,7763,-2706,4193
-15912,5212,-1380,6613,-5278,5693
-15732,5200,-1452,7253,-6487,-7898
-15144,5244,-1440,7153,-5839,-2067
-13920,4588,-1252,7714,-2051,8026
-14588,4684,-1340,9593,1095,-1604
-16472,5584,-1588,9561,773,-5426
-18416,6372,-1744,7916,-1612,7481
-16660,4404,-904,4376,-3486,8636
-16008,5264,-1460,4221,-4929,-10458
-15344,5244,-1336,3766,-5292,-4861
-13912,4576,-1256,3407,-2515,12185
-13656,4056,-764,1647,2311,-2122
-16084,5256,-1212,869,5090,-7593
-17448,5960,-1480,1329,2433,6863
-16964,5556,-1484,539,-533,3539
-16376,5420,-1576,5526,-6147,-10122
-15284,5440,-1512,3764,-7375,-701
-13812,4444,-1156,3122,-4233,8562
-14608,4884,-1292,6392,-6667,-7518
-14832,5616,-1220,-2883,811,-4468
-14872,5012,-1324,-4842,4328,9918
-14808,5536,-900,-5341,5548,578
-15480,5168,-1368,-8223,4244,-9166
-18292,6204,-2376,-23557,1123,1007
-15604,1772,-3780,1993,-3248,12808
-16452,5876,-4052,4016,-11463,-9169
-13608,5116,-3520,513,-652,8024
-12824,4388,-3272,4136,2607,-3266
-13088,5492,-3176,2793,3346,-2687
-15760,6236,-3604,-204,2156,9647
-13196,3388,-2184,5843,9780,-15251
-13408,6128,-4068,-2318,6155,-4467
-16828,5584,-3872,-3549,5202,-2310
-14884,6264,-4188,-1087,-3435,724
-13180,4224,-3524,-1896,-650,-1143
-15304,4888,-3548,-1567,-1292,258
-15540,3248,-3356,-2969,2721,-1986
-14816,5140,-4304,-1926,148,-3367
-15620,5124,-3184,-324,-1372,1125
-15184,4612,-3128,-42,1891,-4
-15352,4084,-2696,120,-2017,517
-9520,4252,-3044,2777,-3117,-17204
-11332,5424,-3312,1400,8696,17894
-15840,5076,-4084,5922,15071,14974
-21464,8284,-4600,8289,5545,-15406
-18688,8088,-4236,-4072,-8508,13059
-13568,4056,-3600,-6512,-12414,11594
-11416,3712,-3276,620,-9933,-19715
-13012,6228,-3560,2423,774,-5363
-15212,5584,-3672,1660,7774,15633
-17460,5628,-3924,5966,4728,-8948
-19236,8136,-4092,3652,-1121,-10497
-17084,6836,-4004,-4708,-6259,17458
-12584,3580,-3236,-4,-2899,-1364
-12460,5212,-3520,5387,5212,-11678
-13916,6144,-3604,2480,9070,11763
-16248,5444,-3704,2419,5870,8521
-19312,7200,-4036,3227,-4336,-15256
-18088,7900,-4316,-4223,-13147,2458
-13312,4352,-3560,-5669,-11210,10253
-12036,4556,-3336,4915,3802,-13086
-15040,6760,-3996,4337,12007,5853
-17864,6452,-4084,3324,10884,11136
-18324,6732,-4004,3890,247,-11680
-16272,7008,-3724,-1344,-7215,-978
-13524,4836,-3556,-4984,-9004,11533
-12428,3904,-3400,-573,-5492,-4908
-14740,6268,-3792,2528,1374,-6746
-16752,6648,-3800,-501,3479,12644
-16684,5668,-3624,863,309,908
-17020,6516,-3792,2082,-3081,-11149
-16140,6852,-3812,-1478,-3883,3823
-13176,4360,-3420,120,1343,4648
-13244,4700,-3512,5178,6832,-11018
-15560,6676,-3664,1999,7139,3955
-17300,6260,-3716,-1716,140,9051
-17776,6604,-4120,-2002,-9791,-8154
-15252,6392,-3960,-4656,-11192,3031
-12300,4220,-3200,-2612,-2904,8400
-12660,4268,-3332,3880,5580,-7422
-16208,6748,-4024,4391,10125,-3017
-18316,6912,-4016,455,5825,7228
-16640,6064,-3744,316,-2358,-9057
-14208,5972,-3488,-1602,-4656,-3684
-12928,4832,-3292,-3359,-2655,8981
-14032,4856,-3464,233,904,-1958
-17332,7132,-3968,253,947,-2763
-17488,6656,-3888,-4105,-3373,9142
-15200,5348,-3468,-2690,-5600,-2704
-13824,5716,-3524,-289,-1619,-5837
-13904,5396,-3516,528,6729,6898
-15428,5412,-3908,4229,10373,-4274
-17116,6928,-3832,2012,5418,-5191
-16756,6636,-3752,-3863,-2585,6442
-15532,5456,-3840,-5142,-8959,-544
-14448,5800,-3816,-3314,-7722,-6113
-14044,5560,-3572,-2786,-64,7160
-14524,5016,-3420,409,4260,316
-16200,6316,-3712,1888,4751,-6537
-17456,7144,-3964,-1615,2173,4243
-15640,5516,-3780,-2138,-110,1539
-13668,5276,-3428,443,2335,-6388
-13648,5596,-3504,-668,4545,3753
-15160,5520,-3560,-1158,3054,3286
-17456,6620,-3824,-1113,-2355,-8039
-17416,7092,-4088,-4919,-7440,175
-14332,5136,-3552,-5342,-6830,2573
-12812,4720,-3212,-1252,-862,-5517
-14028,5700,-3600,486,6727,1320
-16304,6160,-3988,620,9791,7884
-17316,6440,-3804,946,4540,-3357
-16156,6548,-3728,-2331,-1712,-186
-14512,5444,-3600,-4695,-5034,3904
-13848,4988,-3524,-2454,-4018,-6337
-15564,6224,-3780,-942,1138,-4097
-16284,6092,-3748,-2182,1191,2193
-15920,5892,-3696,-1578,-1191,-4873
-15764,6336,-3680,-2605,-2063,-985
-15052,5692,-3728,-3678,9,8817
-14440,5252,-3608,587,5542,-145
-15448,6284,-3772,629,6540,1456
-16000,6044,-3636,-1631,2739,4402
-16400,6036,-3700,-2002,-3082,-6020
-16056,6504,-3792,-2875,-5917,-8130
-14300,5432,-3620,-3313,-2326,512
-13572,4904,-3412,-462,2473,-4154
-14948,5896,-3608,82,4867,-2168
-16988,6676,-3904,-2466,3300,8146
-16872,6144,-3840,-3257,-1497,3638
-15020,5904,-3716,-2711,-2601,-26
-13560,5276,-3284,-2558,178,4763
-13800,4952,-3440,-149,3125,-1620
-16172,6212,-3868,1494,4157,-9019
-17340,6884,-3928,-1552,1078,-1990
-15668,5724,-3652,-2992,-2667,-3345
-13880,5452,-3484,-2618,-2360,-4023
-14172,5576,-3592,-3295,583,6130
-15460,5660,-3688,-2051,2874,5428
-16756,6544,-3844,-1494,1283,190
-16140,6336,-3644,-3607,-1493,4588
-14804,5344,-3484,-3153,-2310,-56
-14524,5496,-3520,-724,-14,-7859
-14924,5940,-3728,-62,4958,-2199
-15428,5664,-3700,329,6272,-1728
-15860,6036,-3572,-448,2697,-5357
-16292,6492,-3656,-3854,-2283,1524
-15824,5872,-3776,-6091,-5913,5080
-14660,5448,-3656,-4146,-4266,-1121
-14476,5692,-3460,-2869,795,2716
-14636,5436,-3484,-1548,4126,3071
-14572,5288,-3556,140,6825,-98
-15156,5772,-3648,1099,7384,-4972
-15672,6192,-3560,-1185,4766,641
-16096,6036,-3700,-3819,-1105,1689
-16156,6140,-3768,-4755,-6395,-4140
-15276,6040,-3736,-5504,-5960,421
-14056,5124,-3548,-3743,-1002,1359
-14224,5344,-3528,-870,3510,-3325
-15944,6356,-3660,-926,5611,1021
-16764,6400,-3828,-2089,3795,3692
-15592,5964,-3688,-1666,1814,-1912
-14308,5640,-3464,-2116,2320,1666
-14076,5260,-3352,-2075,2218,1525
-15536,5816,-3636,-1350,700,-5608
-17088,6844,-3832,-3281,-2498,-3516
-15604,5812,-3576,-4626,-4979,-2272
-13960,5328,-3384,-3034,-2405,-4444
-13936,5552,-3464,-2316,1926,1477
-15052,5700,-3640,-1675,5467,6469
-16372,6156,-3792,-511,5483,1917
-16388,6560,-3588,-1669,2227,1822
-15324,5840,-3540,-3194,-1079,2704
-14804,5432,-3524,-2759,-2871,-3581
-14952,5828,-3672,-1533,-1703,-7482
-15092,5884,-3732,-1354,1456,-2447
-15228,5616,-3580,-822,2512,-2703
-15504,6016,-3552,-1248,1100,-2788
-16148,6368,-3760,-3229,-755,4190
-15836,5844,-3776,-3926,-2038,6175
-14748,5720,-3584,-1511,1359,2020
-14656,5652,-3576,-1077,3117,4012
-15192,5632,-3604,-259,2823,-527
-16356,6268,-3828,222,1003,-6987
-16412,6556,-3880,-1220,-994,-4306
-14904,5592,-3576,-1671,-1084,-2460
-13896,5224,-3372,-842,191,-3627
-14512,5696,-3496,-1187,1350,1391
-15912,6020,-3716,-1945,1332,6582
-16688,6256,-3864,-1810,-858,2875
-15788,6160,-3732,-2152,-2584,1694
-14572,5632,-3468,-2084,-1982,2418
-14272,5256,-3536,-241,83,-2678
-15160,5784,-3688,1694,3021,-6541
-15896,6224,-3672,1273,4303,-2304
-15776,5928,-3588,243,1548,-2404
-15392,5936,-3568,-1059,-1805,-2035
-15544,6112,-3664,-2861,-3904,3799
-15180,5588,-3728,-2800,-3295,5653
-14812,5632,-3668,-674,-590,1583
-14756,5704,-3608,198,1596,2195
-15200,5720,-3588,695,2288,1100
-16232,6104,-3712,1410,1150,-4857
-16304,6400,-3800,848,-385,-5519
-14956,5732,-3624,-24,-223,-1341
-14028,5172,-3460,342,373,-1587
-14628,5632,-3492,254,550,115
-16096,6332,-3716,-924,21,5757
-16584,6132,-3868,-1301,-1904,5106
-15564,5948,-3696,-850,-3166,976
-14420,5652,-3452,-481,-2160,1125
-14320,5352,-3580,1065,390,-1271
-15276,5816,-3676,2865,2574,-6178
-16172,6360,-3800,2308,2667,-3765
-15700,5956,-3608,718,403,-620
-15272,5756,-3480,-121,-2115,-725
-15156,5764,-3660,-920,-1383,6818
-15724,6088,-3696,1083,923,2420
-15480,5904,-3572,577,-47,2747
-15344,5784,-3636,665,-1480,-662
-15632,5888,-3664,1318,-2403,-6122
-15380,5992,-3656,1355,-1217,-4315
-14740,5568,-3520,1513,630,-1608
-14720,5568,-3424,1741,1069,-1485
-15768,6128,-3632,887,485,2524
-16412,6212,-3788,-325,-757,6764
-15500,5776,-3664,339,-1283,3297
-14452,5584,-3584,1076,-110,2133
-14268,5428,-3368,1549,610,1423
-15340,5732,-3628,2173,73,-3364
-16556,6444,-3872,1683,-1900,-5521
-16036,6220,-3856,101,-3744,-1960
-14648,5464,-3524,159,-3364,-1348
-14240,5460,-3456,998,-1016,-27
-14936,5768,-3596,1483,2248,4743
-15868,5984,-3872,2311,4082,5258
-16016,6124,-3768,2524,2446,1628
-15424,6008,-3536,1286,-770,1407
-15100,5680,-3588,266,-3928,-454
-15224,5816,-3704,516,-5007,-4365
-15364,6032,-3764,572,-3483,-2439
-15040,5744,-3584,902,-1422,168
-15100,5676,-3468,1638,-91,-679
-15652,6136,-3724,1673,1015,1642
-15824,6028,-3708,1608,1823,3994
-15152,5692,-3728,2652,2597,847
-14640,5656,-3532,2656,2243,242
-14844,5644,-3516,1511,100,1420
-15860,5988,-3696,579,-3049,-757
-16564,6400,-3880,-457,-5947,-1924
-15404,5916,-3680,-1212,-6025,1129
-14260,5252,-3448,204,-2936,561
-14124,5400,-3472,2224,1318,-898
-15344,5964,-3744,3242,4824,1099
-16188,6136,-3848,3333,5086,907
-15944,6092,-3668,2569,2091,-1725
-15112,5828,-3572,704,-1532,65
-14788,5576,-3588,-716,-4051,1564
-15236,5836,-3636,-550,-4361,-8
-15768,6096,-3748,-472,-3125,1779
-15312,5832,-3556,-169,-1824,2661
-15020,5652,-3520,1003,-422,-564
-15376,5960,-3604,1758,959,-1664
-15524,5948,-3740,1993,2372,-542
-15212,5680,-3756,2638,3356,-2488
-14852,5740,-3540,2023,2438,-1844
-15164,5804,-3556,239,-178,1730
-15952,6044,-3684,-1166,-3280,2316
-16212,6224,-3740,-1824,-5340,1443
-15140,5772,-3704,-1807,-4263,3303
-14124,5288,-3452,-189,-1052,1537
-14408,5464,-3536,1800,2292,-2073
-15848,6116,-3700,2382,4094,-1894
-16372,6192,-3756,1830,2990,-2223
-15556,5896,-3612,1012,626,-3516
-14628,5772,-3424,-451,-1306,-311
-14696,5624,-3612,-1489,-2377,2852
-15504,5796,-3768,-1289,-2318,2195
-15940,6252,-3732,-1280,-1928,2895
-15368,5864,-3588,-1192,-1543,3121
-14904,5620,-3408,-84,-560,-679
-15180,5884,-3544,930,893,-3255
-15424,5984,-3744,1281,2741,-2220
-15340,5792,-3664,1623,3565,-3058
-15084,5852,-3548,887,2191,-2413
-15368,6000,-3540,-1045,-549,1459
-15868,6032,-3756,-2470,-3360,3028
-15872,6028,-3804,-2640,-4493,1945
-14980,5740,-3672,-2062,-2360,3249
-14372,5432,-3448,-553,565,1340
-14924,5552,-3536,1102,2918,-2378
-16120,6280,-3812,1300,3639,-2714
-16192,6156,-3628,583,2521,-2285
-15180,5768,-3644,1,970,-3233
-14520,5640,-3468,-1088,-428,-661
-14888,5680,-3576,-2151,-1559,2526
-15824,6020,-3784,-2264,-2185,2000
-16096,6168,-3724,-2397,-2610,1784
-15328,5772,-3520,-2305,-2028,2244
-14692,5536,-3480,-1006,-133,-520
-14976,5784,-3588,463,2589,-2706
-15544,6004,-3812,1019,4842,-1411
-15564,5864,-3712,921,4632,-2072
-15312,5924,-3584,-868,834,-1317
-15264,5788,-3548,-2709,-2437,1264
-15512,5844,-3728,-3444,-4371,869
-15468,6000,-3772,-3124,-3703,509
-15004,5744,-3628,-2461,-1373,1824
-14724,5560,-3516,-1178,1133,374
-15276,5880,-3692,10,3134,-1574
-16056,6168,-3744,101,3939,-654
-15644,5996,-3620,-220,3605,-372
-14796,5580,-3572,-436,2530,-1676
-14564,5584,-3436,-1463,655,-571
-15276,5804,-3644,-2615,-1582,516
-16176,6132,-3804,-3083,-3410,-1119
-15948,6116,-3816,-3358,-3988,-1143
-14804,5712,-3544,-2962,-2323,490
-14384,5412,-3516,-1513,1103,-112
-15052,5748,-3584,-55,4524,83
-15956,6176,-3856,222,5985,1996
-15824,5952,-3648,-166,4174,492
-15112,5832,-3516,-1277,712,-1029
-15064,5780,-3580,-2696,-2357,-708
-15340,5824,-3600,-3027,-3706,-2224
-15484,6024,-3704,-2529,-2791,-3325
-15244,5804,-3576,-2297,-1044,-932
-14912,5632,-3536,-1736,634,64
-15324,5888,-3684,-1244,2073,772
-15768,6108,-3704,-1232,3081,3283
-15356,5816,-3660,-738,3599,2855
-14824,5656,-3580,-467,2834,307
-14960,5816,-3524,-1152,764,-729
-15824,5956,-3648,-1987,-2063,-2920
-15964,6160,-3816,-2281,-3517,-5026
-15164,5800,-3536,-2372,-2486,-2735
-14412,5476,-3516,-1720,-12,-648
-14728,5672,-3504,-1013,2147,837
-15904,6172,-3816,-1095,3113,3820
-16140,6152,-3868,-1408,2257,4458
-15236,5792,-3640,-1210,899,1636
-14520,5528,-3412,-1209,39,-15
-14840,5620,-3592,-1005,-343,-2177
-15704,6044,-3788,-517,-484,-5214
-15900,6204,-3752,-916,-833,-4367
-15184,5808,-3520,-1538,-1079,-1696
-14708,5552,-3536,-1538,-604,16
-15204,5824,-3568,-1549,553,3005
-15676,5940,-3796,-1184,2031,5308
-15592,5952,-3692,-641,1876,3006
-15140,5840,-3512,-682,628,1064
-15052,5800,-3496,-803,-712,-1268
-15396,5932,-3640,-457,-1334,-4819
-15544,5996,-3672,-171,-678,-5055
-15132,5804,-3564,-298,304,-2506
-14880,5648,-3584,-439,541,-789
-15432,5908,-3584,-1047,240,2099
-15936,6096,-3720,-1655,-224,5143
-15536,5832,-3780,-1210,-106,4066
-14772,5660,-3624,-401,582,1922
-14584,5556,-3476,81,898,56
-15492,5892,-3656,536,316,-3613
-16132,6228,-3724,367,-843,-5383
-15524,5996,-3708,-303,-1319,-3362
-14532,5528,-3620,-252,-664,-1649
-14696,5664,-3492,-350,279,1226
-15568,6080,-3696,-655,974,4804
-16068,6080,-3840,-549,567,4643
-15376,5900,-3712,-430,-271,2739
-14636,5612,-3468,-249,-617,978
-14800,5544,-3516,432,-600,-2427
-15596,5944,-3688,1033,-281,-5043
-15856,6088,-3796,741,-294,-3802
-15212,5768,-3564,225,-816,-2288
-14908,5732,-3412,-191,-994,-58
-15184,5880,-3656,-579,-460,3674
-15532,5876,-3728,-268,665,5074
-15468,5888,-3624,521,1442,3445
-15068,5736,-3552,643,901,2053
-15088,5700,-3560,586,-766,-1164
-15584,5980,-3668,580,-2209,-4464
-15668,6096,-3796,408,-2359,-4084
-15040,5804,-3544,528,-1311,-2680
-14688,5624,-3532,753,-101,-936
-15152,5804,-3596,483,806,2659
-15856,6124,-3768,310,1089,4760
-15688,5988,-3808,639,899,3631
-14892,5744,-3516,851,697,2559
-14592,5544,-3508,987,-106,347
-15336,5820,-3640,1069,-1386,-3000
-16112,6228,-3772,547,-2783,-3820
-15748,5936,-3724,-34,-3440,-2601
-14752,5628,-3536,222,-2390,-1585
-14512,5572,-3524,727,-71,1100
-15276,5816,-3724,1236,2381,3797
-15392,5844,-3592,1541,2468,3571
-14632,5520,-3420,1169,-507,-471
-15192,5804,-3672,677,-2248,-1895
-15936,6084,-3780,-56,-3613,-1950
-15716,5988,-3884,-245,-4125,-2534
-14884,5736,-3488,-94,-2837,-791
-14596,5512,-3448,646,-23,1508
-15136,5724,-3672,1871,2852,1758
-15804,6128,-3800,2377,4213,2120
-15656,5988,-3672,1954,3009,2074
-15020,5800,-3496,1132,36,-34
-15132,5788,-3600,29,-2982,-956
-15476,6000,-3688,-765,-4552,-631
-15592,5940,-3644,-638,-4171,-1282
-15120,5776,-3608,-192,-2541,-397
-14744,5624,-3484,422,-320,953
-15208,5756,-3564,1433,1854,456
-15648,6020,-3700,2053,3419,601
-15492,5972,-3716,2037,3642,1027
-14956,5672,-3500,1570,2083,-47
-15008,5728,-3520,440,-783,-525
-15636,6064,-3768,-934,-3585,285
-15964,6068,-3876,-1654,-5120,145
-15360,5876,-3676,-1333,-4410,-279
-14540,5552,-3488,-456,-1664,575
-14492,5580,-3372,906,1628,630
-15372,5912,-3688,2075,4060,-394
-16020,6160,-3764,2101,4367,-346
-15480,5904,-3680,1170,2523,6
-14880,5692,-3504,144,-248,-621
-15028,5820,-3648,-1004,-2819,-171
-13084,4700,-4720,11908,378,3359
-15076,5964,-5644,-5842,-1910,3
-15172,4960,-4264,2006,-1697,1150
-15472,5320,-2160,-1535,109,-833
-14876,5456,-192,14,866,-837
-16836,4816,-1948,-4167,32,780
-19236,5560,4080,-842,4550,-3249
-17916,3068,64,819,-2904,4370
-16244,4432,296,-1532,-6282,4084
-15488,6188,680,-746,-1111,-1548
-18128,7268,1204,-3728,9262,5059
-15484,9028,2272,-1614,-2986,517
-15532,8892,4088,-4476,-3776,1135
-13920,7608,4708,-967,373,-1684
-14784,7844,4184,-357,2010,-1792
-14252,6552,3796,787,462,11
ax,ay,az,gx,gy,gz
-14740,5664,-2488,-3841,-922,-2579
-14772,6004,-2484,-2970,1502,-1682
-14980,5876,-2360,-2696,3374,2647
-15276,5900,-2496,-2314,3370,-432
-15808,6344,-2408,-2554,1941,-2721
-15828,6412,-2612,-3898,157,1587
-15212,5796,-2584,-4199,-774,972
-14524,5592,-2532,-3352,31,-3328
-14632,5920,-2592,-2877,1804,-712
-15064,5792,-2524,-2680,2775,1561
-15780,6116,-2532,-2440,2130,-2365
-16272,5440,-2284,-1895,-1562,-1781
-15108,5944,-2532,3588,-2017,1102
-14736,5788,-2360,-391,-26,4257
-15240,4848,-2548,2602,-769,-2723
-15436,6036,-2476,1169,-1011,-292
-16024,6144,-2448,-2131,-1536,-1272
-15472,6060,-2412,-4399,386,-1617
-15832,5396,-2176,542,-351,-802
-15148,5536,-2092,-3994,873,-846
-14976,4748,-1768,-507,-179,-1560
-15848,4736,-1632,-719,-485,-1046
-15872,3908,-1476,-1348,-167,-1884
-15580,4088,-1656,-1703,-502,-2509
-16000,3340,-1408,-335,-305,-618
-16272,3256,-1248,-841,61,-558
-16164,2828,-1180,-648,-449,94
-15096,5584,-2492,364,2660,-5752
-15880,6748,-2496,-599,2298,984
-16348,6388,-2592,-2887,121,12874
-15336,5684,-2568,-1312,-828,-1393
-14824,6208,-2536,-732,691,-121
-14588,5788,-2492,-963,1882,5368
-15544,5604,-2496,447,1929,-6345
-16968,7036,-2692,75,153,-10970
-16004,6464,-2464,-2539,-1836,1859
-14444,5272,-2448,-2178,-2137,-1613
-14596,5776,-2452,-1132,-879,-3896
-15728,6584,-2712,-1541,1578,9201
-16120,5940,-2576,-777,2328,7816
-15924,6276,-2516,-131,465,-2483
-15300,6352,-2552,-1744,-1383,3313
-15184,5632,-2476,-1667,-1692,286
-15456,5948,-2652,406,-41,-11631
-15784,6604,-2616,378,2583,-3219
-15164,5648,-2408,-165,2228,459
-15392,5932,-2464,-308,56,-4432
-16508,6872,-2600,-2049,-2220,3497
-16092,6100,-2732,-3070,-2808,10659
-14824,5632,-2616,-694,-793,-139
-14392,6028,-2532,150,1526,791
-14916,5868,-2460,174,2530,3574
-16452,6068,-2632,1034,1630,-6564
-17020,6996,-2660,329,-388,-9077
-15232,6100,-2508,-1279,-888,981
-13884,5148,-2452,-700,-384,-1751
-14624,5800,-2364,-196,295,-2077
-16356,6764,-2632,-1157,694,8829
-16740,6220,-2568,-1248,-797,6332
-15728,6280,-2440,-731,-2294,-1434
-14640,6028,-2480,-1095,-1784,2240
-14512,5380,-2468,150,272,-1140
-15840,6112,-2740,2099,2550,-10254
-16476,6792,-2636,1013,2820,-2368
-15432,5884,-2476,-235,601,142
-15188,5836,-2448,-651,-1850,-3202
-15844,6496,-2604,-1749,-3104,3631
-15700,5968,-2636,-1793,-1828,9734
-15184,5756,-2516,414,283,792
-15012,6128,-2408,779,1294,755
-15376,6036,-2568,383,1057,2447
-16308,6172,-2568,825,-312,-6356
-16344,6720,-2688,613,-1127,-8371
-14932,5932,-2528,-115,-75,254
-14112,5276,-2260,487,702,-1112
-15116,6040,-2500,677,822,-965
-16828,6824,-2644,-757,-240,9029
-16392,6164,-2628,-773,-1916,5443
-14984,5964,-2540,17,-2070,-462
-14240,5764,-2488,147,-846,2155
-14800,5568,-2512,1083,568,-1308
-16248,6356,-2720,2133,1162,-9467
-16608,6848,-2648,687,18,-3204
-15296,5812,-2488,-364,-1543,189
-14728,5628,-2480,-148,-2035,-1944
-15360,6260,-2632,-235,-1117,3710
-15780,6060,-2648,232,1107,9421
-15652,5960,-2636,1709,1825,1767
-15300,6264,-2484,1313,648,420
-15400,6140,-2372,203,-1305,1460
-15988,6104,-2664,182,-3102,-5733
-15936,6504,-2700,419,-2845,-7870
-14916,5916,-2532,352,-545,79
-14604,5444,-2320,1100,775,-1138
-15596,6212,-2528,1318,1221,199
-16688,6716,-2548,374,824,8101
-15908,5976,-2540,734,311,4991
-14796,5848,-2376,1525,258,-417
-14376,5756,-2460,1053,-132,1550
-15324,5852,-2580,831,-1016,-1153
-16724,6560,-2740,807,-2688,-7885
-16396,6720,-2604,-580,-4021,-2468
-14700,5640,-2460,-639,-3165,612
-14232,5556,-2420,889,-389,-1596
-15316,6276,-2628,1709,2861,3731
-16180,6328,-2684,2296,4620,7134
-16080,6208,-2576,2663,2945,366
-14992,6024,-2556,615,-1215,2421
-14836,5664,-2452,-306,-3726,146
-15616,6128,-2604,-8,-4639,-6027
-16008,6576,-2676,-224,-3711,-2060
-15276,5876,-2556,13,-2254,905
-14916,5780,-2436,1171,-474,-1854
-15616,6288,-2420,1729,1384,579
-16044,6348,-2644,1814,2933,5444
-15500,5876,-2696,2936,3746,478
-15016,6032,-2424,2700,2658,-876
-14948,6008,-2460,1062,-208,2310
-15932,6064,-2488,-156,-3711,-290
-16656,6676,-2820,-943,-6490,-3710
-15808,6344,-2624,-1502,-6213,1547
-14204,5364,-2476,9,-2795,1174
-14276,5568,-2412,2322,1576,-2216
-15952,6404,-2684,3170,5086,2156
-16616,6372,-2672,3138,4714,673
-15804,6228,-2576,2366,1936,-2878
-14708,5932,-2412,538,-1029,1535
-14828,5636,-2520,-578,-3391,1819
-15940,6312,-2760,-552,-4399,-1571
-16380,6616,-2604,-1148,-4401,3119
-15292,5772,-2460,-658,-3427,2119
-14644,5680,-2396,873,-1017,-2405
-15140,6112,-2604,1827,2053,-428
-15744,6092,-2648,2755,4721,-197
-15940,6248,-2632,3113,4740,-4358
-15484,6216,-2552,1205,1811,44
-15272,5908,-2532,-780,-2169,2472
-15820,6160,-2616,-1675,-5261,-239
-15948,6412,-2804,-2058,-5029,3822
-15152,5776,-2512,-1003,-2497,3386
-14700,5704,-2348,640,102,-1615
-15384,6236,-2488,1343,2209,-808
-16184,6272,-2616,1532,2984,-863
-15988,6228,-2616,1878,3026,-5324
-15036,6144,-2564,964,2477,-1158
-14548,5648,-2452,-238,508,1837
-15604,6012,-2440,-1069,-2199,3
-16736,6684,-2820,-2320,-4505,2961
-15868,6128,-2660,-2700,-4714,4586
-14468,5492,-2444,-1069,-2223,-616
-14344,5692,-2436,489,1452,-931
-15492,6036,-2576,1493,4424,-199
-16516,6432,-2672,2012,4757,-4819
-16060,6464,-2612,473,2450,-1973
-14736,5700,-2348,-951,-77,829
-14784,5688,-2512,-1672,-2308,-656
-15912,6428,-2656,-2337,-3212,2073
-16360,6352,-2564,-2673,-3288,4489
-15412,6012,-2428,-1845,-2619,-151
-14696,5932,-2360,-1013,-443,-294
-15028,5872,-2560,8,2320,481
-15804,6148,-2700,1371,4746,-3765
-16044,6452,-2648,1276,5367,-2564
-15356,6012,-2500,-268,2928,674
-15180,5816,-2384,-1709,-1270,-1430
-15904,6392,-2624,-3229,-4453,306
-16012,6192,-2736,-3843,-4955,3346
-15272,5940,-2540,-2549,-2944,-385
-14740,5968,-2384,-1388,196,410
-15092,5936,-2516,-432,2865,1470
-16060,6220,-2708,530,4242,-2255
-16152,6524,-2712,440,4661,-1135
-15084,5868,-2516,-265,3830,1080
-14608,5640,-2400,-1022,1197,-1704
-15660,6240,-2564,-2462,-1964,-1219
-16472,6592,-2684,-3962,-4618,1262
-15916,6184,-2760,-3758,-5075,-2031
-14676,5864,-2528,-2720,-2317,-891
-14280,5644,-2460,-1373,1727,2108
-15348,5852,-2516,265,5096,314
-16444,6640,-2680,663,5923,407
-16012,6320,-2600,-374,4011,2832
-14804,5760,-2364,-1147,991,-784
-14800,5860,-2420,-2178,-1746,-2544
-15732,6236,-2712,-3073,-3002,-662
-16220,6340,-2744,-2873,-3394,-3869
-15524,6192,-2488,-2666,-2596,-2496
-14604,5792,-2444,-2273,-456,1537
-14960,5792,-2532,-1059,2134,1275
-15868,6344,-2788,-110,4445,2239
-15944,6240,-2676,-9,4911,4847
-15372,5860,-2436,-204,2829,659
-15160,6036,-2404,-1213,-280,-2106
-15680,6304,-2608,-2523,-2898,-1743
-15996,6276,-2600,-2546,-3582,-4797
-15472,6164,-2552,-2003,-2045,-4602
-14800,5792,-2548,-1703,72,228
-14948,5740,-2372,-1068,1690,1527
-16052,6380,-2504,-731,2345,2507
-16172,6476,-2728,-334,2783,3790
-15020,5932,-2464,-1026,209,737
-15576,6048,-2472,-1461,-1944,-4401
-16088,6448,-2584,-1679,-2526,-5885
-15468,6104,-2684,-1689,-1308,-2878
-14796,5748,-2356,-1078,132,-2720
-15072,5952,-2504,-1004,1103,848
-16056,6264,-2628,-1300,1300,5836
-16144,6268,-2656,-923,1069,4230
-15300,6012,-2568,-561,1215,3213
-14624,5668,-2404,-468,989,1928
-15196,5932,-2408,-248,211,-3552
-16296,6552,-2648,-567,-936,-5875
-16156,6320,-2688,-1329,-1576,-3830
-14964,5788,-2496,-1153,-986,-4004
-14620,5832,-2468,-1049,379,387
-15448,6052,-2492,-1066,1247,5200
-16280,6320,-2592,-701,1216,4602
-16136,6468,-2560,-687,450,3997
-15016,5856,-2508,-786,-144,3262
-14636,5656,-2416,-330,-461,-1604
-15388,6080,-2536,58,-382,-5720
-16104,6452,-2636,-146,68,-4469
-15704,6136,-2552,-364,11,-3951
-14960,5876,-2444,-630,-258,-2652
-15132,6060,-2540,-1198,-442,2450
-15836,6136,-2640,-1397,-374,5855
-15936,6216,-2660,-585,273,4056
-15288,6100,-2584,-151,866,3846
-14692,5688,-2448,83,684,1483
-15420,6020,-2584,260,-433,-4639
-16200,6448,-2648,-112,-1010,-4962
-15756,6076,-2620,-272,-700,-4209
-14888,5888,-2508,-115,-45,-3793
-14744,5836,-2404,-387,350,690
-15664,6120,-2452,-739,416,5195
-16320,6340,-2620,-579,-25,4686
-15840,6348,-2508,-411,-333,4025
-14684,5760,-2436,-147,-214,2967
-14616,5644,-2404,432,-108,-1775
-15588,6140,-2588,750,-64,-5534
-16308,6540,-2612,311,-259,-4427
-15688,6168,-2524,-78,-785,-3836
-14876,5912,-2512,-343,-956,-2121
-15060,5976,-2532,-657,-582,2842
-15680,6132,-2528,-444,188,5808
-16000,6320,-2636,423,997,4136
-15376,6104,-2524,507,812,3779
-14860,5832,-2372,477,-42,967
-15380,5964,-2448,492,-1183,-3998
-16120,6444,-2624,186,-1949,-5484
-15720,6220,-2656,-38,-1602,-3694
-14876,5892,-2532,177,-712,-3035
-14752,5928,-2424,271,212,184
-15584,6184,-2512,185,900,4848
-16240,6344,-2668,396,937,5262
-15776,6220,-2548,776,626,3437
-14832,5820,-2460,708,203,2469
-14760,5732,-2464,658,-623,-967
-15732,6164,-2628,636,-1610,-4994
-16312,6576,-2688,107,-2299,-4491
-15712,6208,-2600,-223,-2433,-2754
-14716,5840,-2416,428,306,1775
-15980,6192,-2700,1376,2539,4282
-16148,6420,-2592,1561,2356,3742
-15288,6028,-2380,1127,895,3247
-14808,5748,-2432,700,-1157,-558
-15348,6116,-2580,170,-2932,-3893
-16020,6380,-2692,-313,-3583,-3221
-15712,6168,-2544,-212,-3035,-2936
-15024,5972,-2476,258,-1710,-2065
-14912,5964,-2368,700,251,1700
-15632,6092,-2600,1294,2086,3928
-15948,6296,-2652,2072,3117,2665
-15260,6120,-2540,2136,3092,3067
-13876,5512,-2360,28,-2718,1901
-18988,9976,-4904,-6142,2770,4150
-14344,5772,-4996,-3182,-1703,-5369
-15876,4712,-3896,834,-3769,-1994
-15412,4740,-2900,-1779,993,220
-12788,5064,-2760,1942,-1853,7139
-15680,5536,-4884,3069,-1322,4162
-15020,5240,-3880,404,-8721,-4349
-13336,9056,-736,-2655,-1154,306
-15620,5896,1084,370,-3995,-141
-14816,7932,1612,1430,-3800,917
-13704,8292,1700,-6635,2440,-685
-14308,7456,3064,-3454,-465,-514
-13972,7748,3148,1126,-2116,-298
ax,ay,az,gx,gy,gz
-16736,5384,-2744,-2810,-2751,5363
-15356,3932,-2780,-2582,-3586,1130
-14576,4360,-2688,-753,-1893,-7870
-14988,4944,-2768,-1055,2033,4173
-15612,4260,-2840,-604,3477,4844
-17584,2444,-1384,-3275,-1993,-2766
-16312,3556,-2072,-1702,1296,-1700
-17336,4444,-1208,2546,534,936
-14500,4072,-3264,-4081,-1525,92
-15668,4316,-3228,-3229,1251,687
-16172,4448,-2784,-6893,1848,-356
-15308,4656,-1924,-5679,-388,-610
-15464,5112,-2484,-2392,1051,202
-17036,4252,-2536,-3568,-2620,461
-15140,4032,-2400,2385,-4568,-213
-14688,3496,-2108,-4219,1861,-1507
-15596,3360,-1928,2690,292,-610
-16516,1904,-1768,-337,629,-3110
-16620,2628,-1932,-1099,-680,-1414
-16020,2204,-1456,-1464,-116,-1930
-16508,1196,-1236,-492,-782,-1416
-15676,3532,-2248,-1453,-2678,-5703
-16244,5212,-2840,-819,-1897,-3944
-16252,5248,-3120,-2181,208,13308
-15468,3952,-2992,475,3956,5133
-15532,4984,-2928,1829,4477,-2672
-17396,5112,-3728,-11404,7277,9797
-20136,4580,-3712,-8184,4963,-15520
-19924,6864,-3804,-9021,5341,-12202
-15080,4112,-3096,-12924,2990,6642
-11560,2540,-2548,-11637,418,-7415
-13324,4320,-3032,-10878,891,-10409
-18316,5692,-3844,-13120,2125,6987
-15028,7628,-6264,-19563,18051,-14068
-10356,3468,-3244,-5129,4165,-597
-17436,-1760,-1176,-4934,-262,11164
-14824,1420,-3256,-17610,-1066,-3211
-14664,1008,-5088,-4280,3686,-9073
-15636,5048,-2776,-3591,4276,-10589
-16336,3828,-1624,-3695,-1705,-2828
-14044,2244,304,-29,-5894,-4012
-17112,1764,2640,-1507,-4137,379
-13416,2100,5460,-4462,-2969,274
-18504,1524,5920,2521,4095,-1921
-15992,1180,3908,2810,-1984,-6654
-17356,-248,4668,-3678,-3636,-539
-15148,972,8800,-394,-10146,1875
-11724,708,11856,-860,-5439,2235
-11800,216,12880,-75,-2203,-1148
-11340,-648,12308,-1114,2433,324
-12204,-300,11596,208,1877,659
-12416,728,11576,-473,-1734,222
-13040,-44,9884,-1114,3760,549
-13948,-540,10116,1236,2340,301
-14360,816,10304,-2217,-779,1584
-13608,-116,12344,2762,1316,-1890
-13752,1164,7552,-2734,-862,377
-15872,612,12936,6012,-12097,-5035
-11960,-1080,12028,-2821,-2569,163
-11248,280,11656,1109,-3516,-1324
-8700,-1200,12156,-684,-2273,-713
-11544,296,12580,-1299,8618,1770
-12616,1240,9472,-538,2668,1534
-12408,1220,10336,1751,-731,-1416
ax,ay,az,gx,gy,gz
-16644,4740,-3584,-19469,11213,-192
-13024,2472,-2140,-18544,5559,-8546
-15084,5224,-2504,-15874,1773,-4624
-16092,5140,-1908,-4862,1684,-2923
-18348,3368,-1028,-1538,922,-612
-15560,4844,-1436,840,1735,-1218
-15092,4016,-888,-7720,-179,1758
-13648,3608,-856,-592,-659,7
-16224,3920,-800,-1224,619,-812
-16220,2516,-744,-1904,-535,-1223
-16184,3500,-728,-1041,-743,-1463
-16380,3408,-556,-169,18,-2062
-16184,5088,-1728,970,890,-1524
-16500,5864,-1836,1481,1869,893
-15796,5104,-1684,1472,2572,9495
-15252,4760,-1660,1525,-15,-1107
-15592,5484,-1816,1061,-1595,-1546
-15996,5332,-1700,543,-2183,3127
-16436,5124,-1732,599,-3890,-6074
-16128,5700,-1608,703,-3643,-5311
-15204,5068,-1616,998,-1500,3373
-15176,4704,-1600,1907,-346,-1009
-16068,5536,-1804,2862,1387,-1404
-16352,5492,-1804,3464,3945,7219
-15796,4884,-1700,3854,2782,249
-15404,5344,-1688,3118,-124,-2291
-15608,5360,-1636,1852,-2477,4235
-16380,5108,-1816,1018,-5591,52
-16516,5696,-1924,911,-6807,-3515
-15300,5092,-1740,1580,-3441,4637
-14772,4556,-1676,3014,-970,-1102
-15708,5336,-1808,4096,1185,-4509
-16616,5604,-1876,4461,3303,2250
-16332,5132,-1764,4472,2190,-2548
-15584,5368,-1796,3801,-40,-4204
-15132,5196,-1696,2987,-1070,4541
-15716,4888,-1620,2556,-2728,4062
-16640,5704,-1880,2400,-4219,694
-16220,5520,-1804,2511,-3042,7473
-15120,4636,-1584,3177,-2358,2256
-15272,5080,-1784,3805,-2286,-5376
-15960,5548,-1928,3905,-1090,-1719
-16344,5236,-1792,4024,-1087,-3441
-16040,5396,-1796,3782,-2273,-6875
-15220,5256,-1716,3583,-1196,3070
-15376,4868,-1720,4144,-159,3826
-16256,5424,-1836,4857,418,613
-16136,5588,-1896,5221,1882,6712
-15448,4928,-1740,5213,685,2788
-15620,5208,-1648,4402,-2883,-3132
-16076,5604,-1780,3250,-5230,1463
-16344,5160,-1924,2752,-6481,1265
-16044,5400,-1904,3198,-6370,-3288
-15052,5188,-1752,4148,-2930,2372
-15060,4852,-1776,5412,353,1598
-16280,5276,-1848,6200,1266,-5150
-16524,5756,-1892,5883,1665,-387
-15712,5036,-1784,5496,541,-858
-15224,5068,-1680,4825,-1692,-3177
-15528,5284,-1756,4246,-2204,4210
-16336,5184,-1724,4294,-2104,6356
-16476,5560,-1852,4541,-2824,2002
-15432,5308,-1744,4594,-2086,5375
-15036,4724,-1576,4736,-2309,1349
-15804,5188,-1788,4452,-3918,-5873
-16448,5772,-1780,3939,-4149,-2042
-16060,5184,-1836,3805,-4035,-1363
-15484,5208,-1796,4175,-3467,-3825
-15232,5248,-1792,4808,-587,2020
-15720,5096,-1880,5731,2227,3659
-16328,5388,-1896,6326,2681,-1868
-15936,5544,-1824,5825,2013,1819
-15332,4952,-1656,4793,-508,2651
-15776,5212,-1796,3622,-4332,-1111
-16444,5660,-1972,2682,-5916,3100
-16012,5096,-1760,2789,-4925,4573
-15404,5124,-1852,3506,-3668,-779
-15104,5200,-1792,4100,-1271,776
-15816,5048,-1776,4563,187,-695
-16660,5368,-1768,4504,-663,-7062
-16160,5600,-1896,3952,-715,-2797
-15184,4936,-1748,3609,-695,444
-15180,5012,-1696,3563,-1074,-723
-16076,5608,-1756,3582,-326,4363
-16444,5356,-1784,3773,473,7338
-15964,5236,-1800,3840,-719,1329
-15232,5240,-1764,3421,-1654,1282
-15368,5020,-1744,2837,-2725,1091
-16228,5276,-1764,2354,-4531,-4840
-16424,5692,-1764,1949,-4579,-2935
-15084,5176,-1664,2600,-1514,867
-15772,5132,-1792,4012,3059,3487
-16468,5404,-1940,4433,3426,-990
-16200,5536,-1816,3861,2419,1549
-15344,5024,-1768,2800,-73,2550
-15520,5100,-1732,1641,-3562,-1388
-16200,5540,-1876,806,-5115,1161
-16212,5252,-1768,683,-4734,3175
-15652,5168,-1744,1142,-3822,-1377
-15144,5204,-1772,1871,-1053,216
-15504,5048,-1764,2675,1663,573
-16292,5300,-1864,3184,2623,-4594
-16168,5540,-1776,2844,3028,-1673
-15528,5056,-1780,2012,1684,665
-15504,5124,-1672,972,-1330,-987
-16116,5536,-1844,-85,-3241,3839
-16360,5304,-1772,-495,-3708,5277
-15712,5216,-1728,-124,-3240,669
-15076,5152,-1652,477,-1136,822
-15288,5044,-1728,1121,1090,367
-16152,5240,-1864,1553,1878,-4872
-16552,5656,-1844,1301,2066,-4871
-15756,5264,-1716,629,1757,-372
-15148,4816,-1652,-115,126,-604
-15596,5268,-1732,-798,-1477,479
-16336,5536,-1700,-1301,-1864,5571
-16348,5244,-1832,-1377,-2199,4239
-15492,5148,-1776,-1119,-1809,-3
-15176,5112,-1676,-716,-5,627
-15552,5120,-1780,-155,1621,-1679
-16236,5388,-1748,193,2462,-6060
-16132,5396,-1724,-125,3282,-1315
-15468,4960,-1724,-956,1591,-1094
-15504,5224,-1632,-1874,-795,-648
-16248,5552,-1828,-2811,-2252,4014
-16344,5256,-1864,-3155,-2947,4236
-15676,5220,-1772,-2737,-2374,71
-15076,5164,-1640,-2060,126,527
-15320,4980,-1644,-1238,2651,-10
-16208,5292,-1852,-709,3898,-4148
-16496,5620,-1836,-848,4425,-2646
-15716,5224,-1792,-1616,3446,715
-15188,4916,-1664,-2639,627,-839
-15620,5324,-1800,-3662,-1846,-595
-16468,5472,-1804,-4407,-3023,2408
-16164,5236,-1732,-4483,-3360,-352
-15328,5232,-1764,-3827,-1493,-1771
-15076,5092,-1652,-2895,1852,1147
-15636,5020,-1756,-2079,4286,619
-16312,5504,-1952,-1646,5354,-644
-16184,5456,-1868,-2006,4978,2649
-15480,5068,-1676,-2942,2320,1393
-15492,5124,-1700,-3941,-700,-2730
-16152,5524,-1820,-4736,-2148,-2588
-16272,5360,-1804,-4926,-1996,-2433
-15560,5196,-1812,-4497,-789,-4858
-15152,5164,-1776,-4011,1508,-1360
-15572,5092,-1780,-3770,2886,3418
-16320,5376,-1748,-3817,2402,3130
-16416,5592,-1784,-4040,1595,3423
-15624,5144,-1720,-4327,1128,4238
-15048,4768,-1680,-4167,849,-1113
-15992,5160,-1768,-3763,1990,-4710
-16020,5344,-1776,-3616,3057,-5419
-15360,5228,-1772,-4202,2621,-655
-15344,5056,-1724,-5088,678,2114
-16040,5264,-1736,-5745,-1627,624
-16408,5532,-1932,-6037,-2323,1808
-15820,5188,-1816,-5804,-1577,1891
-15024,4872,-1664,-4859,350,-1731
-15364,5192,-1792,-3750,3439,-1399
-16228,5396,-1880,-3140,5796,1485
-16288,5336,-1856,-2952,5719,-45
-15784,5228,-1772,-3472,4032,3
-15408,5040,-1688,-4542,1522,1241
-15732,5116,-1708,-5360,-1168,-2011
-16252,5468,-1820,-5597,-2092,-4865
-16060,5388,-1892,-5357,-792,-2540
-15252,4964,-1636,-4788,817,-2472
-15188,5084,-1684,-4295,2084,-914
-16072,5448,-1728,-4231,2669,4105
-16560,5404,-1824,-4358,1725,5012
-16056,5272,-1836,-4404,635,2113
-15292,5068,-1768,-4265,781,1605
-15184,4904,-1676,-3832,1533,-1073
-15888,5160,-1848,-3198,2614,-5489
-16420,5464,-1864,-2914,3787,-4365
-15880,5212,-1752,-3285,3514,-1709
-15336,5032,-1792,-3952,1541,-1534
-15716,5292,-1804,-4759,-746,1181
-16288,5384,-1836,-5360,-2274,3400
-16176,5272,-1840,-5205,-2780,205
-15444,5184,-1792,-4523,-1059,-19
-15152,4980,-1724,-3443,1730,638
-15728,5116,-1880,-2442,3973,-1332
-16336,5512,-1808,-1904,5362,-980
-16148,5332,-1820,-2027,5096,1700
-15436,5044,-1804,-2657,2624,37
-15404,5128,-1764,-3577,-254,-1539
-16100,5408,-1808,-4331,-2251,-737
-16364,5368,-1872,-4494,-3143,-2483
-15784,5324,-1744,-3969,-2153,-3713
-15108,5092,-1732,-3142,405,-274
-15248,4924,-1792,-2328,2567,1789
-16116,5336,-1844,-1762,3489,1771
-16428,5496,-1788,-1618,3507,4024
-15764,5164,-1676,-1901,1989,3098
-15224,5048,-1684,-2204,84,-1120
-15608,5256,-1680,-2452,-911,-2600
-16212,5328,-1764,-2514,-1018,-3380
-16124,5336,-1664,-2253,-707,-5452
-15480,5256,-1788,-2044,335,-2640
-15196,5132,-1760,-1880,1093,1706
-15908,5192,-1760,-1715,907,2711
-16348,5500,-1784,-1557,676,4020
-16016,5336,-1712,-1372,653,5052
-15256,4972,-1676,-1147,149,1164
-15296,5132,-1656,-927,-106,-2610
-15988,5412,-1700,-829,128,-3185
-16340,5372,-1804,-767,134,-4662
-15836,5344,-1680,-705,208,-4583
-15288,5128,-1720,-755,541,154
-15428,5048,-1720,-798,325,2794
-16196,5384,-1848,-728,-279,3295
-16308,5480,-1748,-590,-421,5134
-15672,5092,-1772,-369,-547,3428
-15116,5036,-1712,-67,-707,-1130
-15560,5260,-1780,240,-319,-3060
-16208,5276,-1840,424,131,-3639
-16232,5340,-1812,481,43,-5138
-15476,5252,-1812,397,91,-2293
-15232,5132,-1744,312,106,2036
-15904,5220,-1772,331,-265,3358
-16356,5456,-1776,614,-345,4176
-15944,5248,-1812,898,-130,4958
-15312,4948,-1688,1159,-507,1332
-15320,5108,-1724,1181,-1154,-2439
-16088,5484,-1800,1041,-1587,-2979
-16372,5428,-1840,953,-1932,-4357
-15772,5288,-1724,1050,-1671,-3895
-15084,5132,-1692,1363,-433,290
-15460,5100,-1712,1803,726,2839
-16180,5432,-1808,2295,1327,3056
-16268,5512,-1936,2536,1441,4490
-15556,5092,-1768,2452,478,3047
-15296,4928,-1732,2049,-1557,-726
-15736,5260,-1824,1459,-3313,-1941
-16236,5392,-1788,1078,-4229,-1823
-16008,5296,-1880,1250,-4118,-2966
-15304,5212,-1724,1803,-2420,-1174
-15172,5068,-1680,2692,176,1454
-15804,5208,-1796,3623,2227,894
-16336,5580,-1748,4128,3316,1694
-15844,5248,-1796,3947,2300,1499
-15440,5076,-1724,3159,-502,-275
-15684,5220,-1836,2064,-3359,476
-16200,5384,-1840,1371,-5165,2053
-16196,5328,-1876,1361,-5514,965
-15460,5248,-1808,2069,-3902,810
-14996,4956,-1716,3076,-1148,924
-15488,5076,-1808,4033,984,-1518
-16304,5480,-1784,4399,1830,-3558
-16244,5420,-1848,4109,1546,-2123
-15576,5144,-1800,3478,136,-1156
-15360,5060,-1784,2828,-1553,238
-15912,5296,-1760,2408,-2358,3700
-16332,5332,-1812,2466,-2285,5410
-16004,5288,-1728,2788,-2061,3319
-15308,5172,-1760,3024,-1606,1994
-15328,5060,-1756,3134,-1582,-674
-16044,5308,-1716,3051,-2257,-4405
-16368,5544,-1916,2809,-2448,-4057
-15772,5180,-1692,2790,-2034,-2234
-15300,5068,-1700,3003,-1280,-983
-15496,5260,-1784,3379,222,2233
-16168,5352,-1716,3800,1591,4338
-16156,5280,-1824,4086,1678,2714
-15676,5260,-1740,3762,558,1925
-15308,5072,-1692,3010,-1589,960
-15824,5232,-1812,2067,-4114,-1324
-16440,5552,-1856,1402,-5504,-1235
-15964,5340,-1740,1410,-4866,150
-15168,4972,-1836,2199,-2674,-717
-15192,5128,-1816,3177,378,-109
-15856,5336,-1764,4026,2819,422
-16388,5408,-1844,4192,3189,-1235
-15916,5364,-1736,3565,1909,-713
-15316,5044,-1680,2594,-406,900
-15540,5164,-1568,1570,-2994,1078
-16220,5468,-1804,931,-4360,2338
-16212,5380,-1824,819,-4047,3581
-15480,5060,-1796,1314,-2881,1444
-15152,5064,-1696,2064,-922,-527
-15644,5228,-1812,2640,875,-1641
-16188,5360,-1776,2856,1548,-3905
-16108,5416,-1888,2531,1304,-3610
-15572,5172,-1696,1900,446,-648
-15408,5060,-1684,1210,-1036,1407
-16156,5252,-1712,-11199,-2322,375
-14152,3640,-3028,-616,-2592,1789
-17416,2436,992,-3674,-4732,-17256
-15016,4816,1844,-10244,-1790,-853
-15024,6808,1076,328,7945,-7384
-13372,8120,-4324,5297,-5273,13281
-12180,872,-68,23328,5270,7630
-14356,-1808,2320,4672,-195,28561
-10004,8584,-2368,1640,-2004,29266
-540,19672,-252,3496,17448,32767
-5432,16248,-2452,-4104,1509,-9409
-416,22812,4868,16675,7827,-8594
532,15836,-4020,-626,-6380,12238
-5548,18756,436,-4762,-15002,3812
1712,10000,-1508,-960,-15299,3156
1572,15796,-4368,6646,-1905,2144
1256,15984,-5784,-517,-4098,6447
3816,13776,-4684,-6973,-2057,2709
3236,15264,-2784,-1294,-31,-601
