ax,ay,az,gx,gy,gz
-4384,5332,16412,555,16053,10592
-6188,7644,14600,13001,14165,15834
-7428,8412,14236,893,7779,15694
-5176,8136,11500,7702,5150,8779
-4816,10264,10320,8700,11192,10776
-4948,9936,11664,5304,1694,4397
-5388,12312,8892,1640,5573,5066
-5116,12608,7780,-1891,1896,409
-4976,13252,8236,532,-2703,-82
-4720,12640,8524,-4364,-9128,1295
-4276,13080,8668,-5432,-3662,1467
-2792,12788,9728,3205,-4322,2635
-2256,9828,11492,-3054,2276,2179
-2364,11388,9336,-1137,-1932,-336
-3976,12824,11528,1954,-3608,283
-1632,9296,9264,2483,-20366,-14056
-1644,4024,14536,-1424,-21558,-15544
-3160,7896,10152,2902,-14151,-17765
-5780,7308,11256,1748,-17086,-19133
-7608,8928,9964,-2139,-14455,-23236
-9892,11180,10168,-2777,-5025,-19859
-8904,9368,9400,-7331,-7244,-20383
-11120,10016,11984,1173,3161,-18123
-10372,9780,9868,202,-1963,-13711
-9660,9508,9992,1255,1904,-11171
-9196,9808,10940,1197,3958,-4629
-12456,10328,12684,-66,5666,2121
-9888,10160,10956,8529,10242,4520
-9280,8344,2556,9740,9719,10511
-7424,-504,-1264,6931,9169,2185
-15288,-3928,19344,-17015,-9938,-8014
-19844,6236,14176,-14287,-2007,3242
-13132,7824,16468,3372,-6732,4722
-5588,7752,5824,8660,-5375,6978
-12336,8100,14944,1129,3598,16713
-2908,4828,4644,-5715,-175,8836
1240,5976,16284,-11032,4017,-15485
-11548,10804,15168,-31185,-10267,-6490
1408,-4484,3496,-7651,8577,-11193
-4292,-13156,13760,-20634,-12355,-3998
-18944,-236,21560,-8227,-1535,16198
-8488,-1756,11756,4246,-10948,1450
-7380,-1232,14356,-11249,-3646,-6126
-7560,-8192,11852,-3191,646,-4735
-632,348,18324,6008,812,-4657
-6236,1552,15144,5348,-1091,893
-5960,1352,15196,-970,-5519,-5447
-7864,-1220,15740,3062,887,-1565
-3548,720,14024,1364,-2774,-3857
-5148,1888,16616,1724,-2186,-1712
-4624,-676,15508,1871,-3054,1327
-1944,-3880,16956,2679,-4262,905
-2444,-552,19280,-2365,6550,984
-420,-2436,12040,355,16342,7544
-4700,-296,9668,-4605,1984,-11156
-5500,-4280,15720,-3952,1610,-1151
-3324,-1684,14100,-320,-173,-209
-5644,-3844,15508,185,58,42
-4296,-3472,14220,-918,-1210,-289
-5728,-3460,15876,-1381,448,-598
-5048,-3788,15400,-375,1498,139
-7176,-3788,15908,-502,-1685,31
-6128,-2988,16228,3114,709,1006
-4968,-2784,14844,1021,822,3056
-2712,-2268,12992,-9,1420,467
-4700,-2140,15516,-2794,3553,2892
-6404,-4024,14748,-5383,-986,9145
-9404,-2572,14220,-1821,-7105,10040
-7292,-4572,15508,-2050,331,-556
-4912,-2804,14576,-612,964,363
-6392,-3312,14640,1739,724,1302
-7232,-3404,14920,-32,-2003,-1209
-7120,-2324,15288,1026,577,171
-6604,-1932,15788,-3195,205,-139
-5328,-5312,14288,-3568,-132,-652
-4148,-3020,13544,-10872,1434,983
-8620,-6216,14788,-2245,-3453,1365
-4940,-7144,14208,-1539,-1647,-2073
-4648,-6536,14080,344,-1118,-751
-3756,-5108,14432,1241,-1982,-193
-4776,-6476,14344,2586,-2354,-452
-4372,-5108,13584,4917,-4631,-278
-2624,-5136,14736,5839,-6241,-603
-1636,-2820,17392,2166,-2798,-397
-2016,-3380,15404,2944,-3951,-373
188,-2724,15484,3802,-5478,842
-712,600,16196,5640,-6353,1176
-152,-76,18568,1773,-3749,-272
-1992,3280,16292,-5614,7294,-3185
1904,-2400,12736,-1405,3207,163
-5380,1992,15596,-741,4229,-39
-324,-3052,16284,-478,-460,-510
-1072,916,15736,-2248,87,-1145
916,-2332,14536,2876,-1618,631
-3500,1456,16832,-158,-1319,-200
1260,-2056,15948,-4764,-4012,-774
-100,-2912,16564,-5741,-1640,-994
-1012,-2704,16424,-1282,-2663,-181
1856,-5980,17324,-1194,741,304
1028,-4264,15620,-455,6861,2518
-76,-3188,15708,522,5464,1892
-528,-3100,14536,324,6387,1070
-4028,-6012,15936,-5446,4270,-266
-2344,-3992,14620,-465,225,112
-4140,-4868,15416,-517,-483,-354
-1968,-6580,14172,3375,-382,476
-2160,-3976,15956,3375,754,738
-8052,-8436,21244,3831,-612,1499
-5140,-4708,21436,2228,712,-703
-4080,-6004,17652,2774,2043,-4095
-5068,-3144,13268,-1478,-2105,-6640
-4520,-3760,13360,-9518,-3814,-6772
896,-10200,12912,-640,1359,-8706
-4732,-5612,10076,-815,12004,-17268
-2988,-6524,12872,-5191,11088,-21093
-2276,-6776,15464,-408,10917,-16037
-7476,-8340,20804,7180,12555,-13177
-5656,-6552,18744,10920,5685,-4736
-3924,-3492,14008,10362,3984,-5105
-3220,-1156,11084,7414,5323,-7360
-4088,-2416,11804,8690,5418,-9756
-3932,-3484,12884,6003,-239,-11105
-8072,-1456,16984,-2764,-6013,-11948
-15600,-1576,19428,-5715,-8700,-10487
-3040,668,11688,-2668,208,-4296
-3432,1228,10528,3029,5817,-4557
-7088,-2596,16968,-474,-2474,-268
-4184,-2744,17312,-2195,-6515,1521
-3924,-7788,19376,-3315,-773,-1123
-7136,-7028,17612,3339,2122,2180
-8668,-5060,16996,1752,412,4930
-4448,-656,11424,4030,2544,4706
-3980,388,10080,-9,4548,97
-5580,-304,12300,-16,2574,-1638
-10032,-620,16664,-298,3108,-1257
-13808,-3776,18444,-182,-775,2282
-12636,-308,15400,-451,-209,4457
-8824,-3100,11412,-3945,-6780,8852
-3908,-608,8408,-2089,-4437,11292
-7192,-1332,11068,-5694,-2777,8850
-4456,-6148,16720,-4032,4001,1493
-6020,-9584,19724,-3047,6691,-2253
-5804,-9576,17460,2809,6173,-435
-5912,-4396,13644,6090,5292,-3947
-6052,-608,10396,6732,4027,-1465
-8120,-472,12028,5539,417,-3794
-11312,-2532,15692,1875,230,-4785
-11984,-5680,17312,344,334,-2171
-10592,-3604,15244,1713,-712,-797
-7220,-1904,11400,3117,322,-2493
-6152,-676,10692,2948,1597,-512
-6140,-12,11800,3370,-1454,-3011
-8768,-1288,15824,272,-859,-6266
-13824,-3996,17412,-5074,-2691,-5632
-8056,564,9208,-2829,-1644,7617
-8696,1004,12072,-7456,-2672,8958
-8372,-2708,16104,-7403,-2501,8882
-8116,-4996,18488,-2752,-465,6885
-8744,-3812,16388,-939,1117,6450
-11404,-3484,14288,-4243,1878,3869
-6936,-1116,11700,705,104,7611
-7172,176,11584,-424,2055,6024
-8856,-840,13364,3308,1681,45
-10392,-820,14856,3579,2514,-3399
-11320,-2116,15788,3302,910,-3706
-11240,-3704,15420,5994,-2894,-3931
-10016,-860,14672,4215,-3924,-2989
-8596,628,13224,4138,-3066,-1750
-8448,1492,12544,2008,-1199,-1627
-9320,2392,13400,1527,-3161,-596
-9388,3636,13648,1689,-3669,-1868
-8804,280,13320,2578,-532,478
-8300,236,13436,-99,1887,-449
-7036,584,12128,-477,3568,1135
-7400,220,11916,-479,4402,-1208
-8596,-252,12876,121,2596,-3013
-9568,-160,14004,1083,-2377,-3127
-9288,340,14892,2652,-6267,-3090
-7288,1084,14404,2840,-5624,-2358
-5824,3208,13444,-1643,-1049,-783
-5748,2508,12412,534,2588,-1550
-6560,1072,13728,-2995,6351,-1721
-9080,8,15956,-1605,4087,849
-9328,-664,15472,1165,-798,1510
-8396,808,14652,673,-3845,1210
-7268,1520,13704,-128,-3565,301
-6920,2432,13756,-1710,-1900,-1090
-7060,2708,13964,-1141,-972,-1206
-7384,2076,14352,-2008,1597,-2759
-8248,1828,14832,-369,1743,-517
-8068,1676,14392,502,-1371,-259
-7788,1628,13980,-59,-1700,-499
-7796,1240,13712,-104,591,-841
-8008,1112,13932,483,1758,-213
-7712,1620,13600,1191,357,-71
-7668,976,13564,1024,169,-704
-8252,544,13952,310,-155,-1196
-8156,1320,14124,-407,-433,-944
-7968,1380,14564,-675,-191,-1145
-8036,360,15020,148,435,-1076
-8520,808,14932,-396,1294,-1680
-9404,576,14848,430,135,-866
-8596,920,13980,1124,-1128,-67
-8516,1864,14144,-1517,633,-569
-8720,872,14468,-834,54,-766
-8824,556,14072,-754,-677,-1030
-8780,424,14040,-810,-60,-372
-8820,316,13824,-825,440,-30
-8776,236,14108,-1153,131,489
-8672,140,14196,-1135,-563,625
-8552,-112,14140,-731,-727,756
-8292,232,14104,-630,-301,1020
-8216,-8,14216,-52,872,340
-8408,-112,14116,-371,1366,242
-8696,-184,14112,-216,-502,79
-8488,168,13892,-211,-1286,92
-8360,8,14024,-102,-324,30
-8568,604,14000,37,763,151
-8740,484,14284,65,772,-165
-9588,-744,15716,1335,1177,-1380
-11048,-1948,18520,-3347,2212,-1644
-10924,-740,16096,1210,2735,421
-9840,-3184,13424,732,4282,-1425
-9904,-2656,12288,3801,3449,-3019
-10012,-1988,11636,5621,-2049,-4317
-8868,-2180,11040,6161,-6633,-4651
-8052,-1000,11268,6274,-6712,-6080
-7112,444,11332,4947,-2369,-5981
-6972,1356,11788,3226,237,-7007
-7792,1368,12604,3043,74,-8399
-8452,1564,13180,3478,-1071,-7444
-8496,1216,13668,4518,-3668,-6101
-8400,1412,13756,3657,-4766,-7605
-7516,1052,13524,2974,-3034,-6948
-7020,1016,13796,1075,162,-6633
-7192,1100,14556,374,1573,-6843
-8368,1548,15060,-883,853,-6331
-8840,976,15140,-731,-1697,-5132
-8836,-16,15136,396,-3199,-6536
-8116,-1156,14500,-704,-2677,-4656
-7804,-840,14412,-1180,-4364,-4359
-6672,-728,13908,-1656,-2940,-3607
-6248,-1036,14864,-2504,422,-3540
-6668,-844,15724,-2017,2285,-1991
-6240,-1212,16096,-1275,1186,-308
-6568,-1456,16592,-2149,-82,-125
-7244,-2968,16720,-1149,-1671,338
-6988,-4272,16732,-2361,-1311,-443
-5508,-4048,14076,419,753,4271
-5364,-3268,13620,673,155,2621
-5580,-2284,13332,-233,-266,1351
-5876,-1912,13572,-1633,-67,4028
-6568,-1736,14492,-3785,-1446,5655
-6900,-2536,15732,-4267,-4480,6713
-7248,-3540,16484,-3853,-6105,6546
-7384,-4856,16940,-4075,-4516,8466
-7364,-4556,14928,-2096,-3248,10021
-6760,-3964,13828,-2660,-2168,10464
-6216,-2144,13196,-958,-1690,9517
-6280,-2496,13484,-1548,928,6719
-6768,-2800,14400,-942,3365,6381
-7264,-2920,15948,-1687,3334,5222
-8628,-3956,16400,-1372,-371,2722
-7772,-3916,14364,-433,-2148,4450
-7084,-3504,13992,-1024,-2376,4395
-5360,-1408,12276,276,-957,5146
-5908,-2012,13400,-2873,132,1374
-6328,-1784,14524,-1767,610,2863
-7756,-1448,16392,-1811,-436,2708
-8908,-2256,16480,-1177,-3374,1547
-8060,-2304,15960,-3553,-4189,6040
-8116,-2912,15152,-2877,-5510,3789
-6692,-2412,13500,-1405,-2513,8627
-6172,-1228,12580,-1382,820,8304
-6596,-1948,13572,-1113,2052,5072
-7556,-2984,15756,-1097,3159,3711
-7896,-3092,16296,170,1897,2186
-8156,-4060,16428,-1697,-67,560
-6908,-4012,14412,839,148,3795
-5756,-1612,11844,1228,1078,2277
-6292,-836,12208,-2405,1778,2340
-6944,-1280,13840,-2953,-6,1484
-7920,-1636,15760,-2411,-379,2347
-8464,-2132,16616,-1811,-1869,1968
-8224,-3520,16372,-3054,-2056,2103
-8412,-4700,15860,-1250,-1684,2276
-6732,-3304,13132,1099,-867,4127
-5656,-820,11532,-56,1688,3947
-6140,-836,12828,-949,2599,1503
-7636,-1340,14752,-1727,2233,-868
-8952,-2476,15904,-823,319,103
-9276,-4604,16736,-2236,-3304,-1780
-7536,-3908,14840,1357,-5435,1609
-4976,-824,11720,1226,-2779,657
-5280,-1216,12700,-2578,1569,-53
-6304,-1972,14064,-1142,2631,-868
-7256,-2168,15408,-451,2183,-342
-7856,-2516,16012,1532,-359,-2103
-7808,-4192,15428,603,-205,-3790
-8284,-5456,16012,1324,-159,-3466
-7536,-4324,13896,2142,-460,-1972
-7080,-4640,13616,1707,-734,-2853
-7140,-4612,13500,1410,354,-4701
-6820,-4324,13640,1273,1664,-7651
-7384,-5684,15256,1870,3559,-7582
-6692,-4232,14596,947,3026,-9660
-7128,-3568,14600,575,4731,-3483
-7376,-2728,13752,-104,1012,-6747
-7504,-3652,14236,-2728,488,-3268
-7648,-6116,14324,-876,-1844,-3313
-7004,-5988,14208,400,-577,-1668
-6720,-5596,13856,323,2152,-2089
-7124,-5308,13960,259,2841,-1841
-7452,-4404,13624,132,677,-1431
-7616,-5456,14572,-1222,-1818,-1537
-7504,-4968,14136,755,-64,2
-7248,-5496,12764,-194,-437,-563
-6792,-5872,12328,-722,421,-545
-7344,-5308,13600,-1173,1291,-1401
-7816,-5420,14260,-950,1270,-1095
-7820,-6412,13392,-711,316,-600
-7496,-6752,13028,-112,98,-97
-7512,-5472,13708,-1806,740,455
-7776,-6876,13776,-895,-618,-170
-7784,-6224,13220,-184,-353,1208
-7508,-5864,13052,-666,-1581,294
-7296,-6564,13392,-389,-1306,604
-7200,-5920,13868,-6,-642,566
-7236,-6248,13516,288,-106,85
-7120,-6224,13196,334,175,61
-7196,-6132,13232,-65,-362,-302
-7456,-6376,13480,-371,49,-18
-7340,-6180,13572,-323,-373,-11
-7252,-6316,13576,-7,-263,371
-7224,-5788,13172,-89,-1,54
-7224,-5952,13280,-612,-171,23
-7400,-6160,13464,-565,-72,40
-7496,-6192,13596,-424,-127,391
-7228,-5888,13604,-233,-401,742
-7016,-6188,13824,-38,-205,692
-7112,-5280,13752,194,235,804
-7112,-5356,13444,546,765,557
-7500,-4852,12816,383,1337,-125
-8040,-5172,12876,-740,2063,-50
-8856,-5432,13456,-1134,1575,619
-8948,-5380,13240,-1022,1054,1939
-8728,-4964,12764,-922,324,2861
-8688,-5312,12704,-1963,-3242,4916
-8168,-5340,12732,-2697,-4159,4743
-8004,-5628,13036,-2527,-2394,3250
-8344,-5588,13056,-2678,526,3201
-8776,-5580,12972,-3286,-97,2252
-9188,-6048,12896,-3362,-1788,3031
-8944,-5684,12612,-3863,-2576,3576
-8896,-6168,13008,-3989,-992,2712
-9144,-7132,13492,-1667,-788,1161
-8792,-7628,13208,1236,-390,-1464
-8816,-7252,13144,889,1917,-1563
-9148,-6764,12880,1965,800,-2660
-8768,-6592,12496,2399,310,-3821
-8312,-5348,12736,2322,584,-3544
-7776,-5236,12752,1150,-822,-3030
-7528,-5788,14036,729,-1291,-2744
-7248,-4980,13684,1747,-1454,-801
-6844,-4852,13332,401,-3034,-458
-6112,-4976,14140,315,-1258,329
-6128,-5112,14484,341,-1375,376
-5692,-4840,13592,371,243,-711
-6284,-5812,13712,-845,4106,-1328
-7124,-5568,14056,-62,2486,-1261
-7144,-5096,13668,177,-954,-403
-6512,-5080,13488,119,-1631,-787
-6960,-5708,14392,81,918,-161
-7288,-4564,14624,393,166,673
-7232,-4256,14120,539,-1060,939
-6708,-4756,13796,444,-1535,2502
-6440,-5116,14456,-12,-1667,1981
-6184,-5504,14508,358,-132,1642
-5952,-4156,13944,-2253,1020,1809
-6032,-5676,14712,-2372,1439,2316
-6456,-5032,14736,-2276,1463,1481
-6864,-4672,15264,-2086,624,1542
-7604,-5256,15968,-2159,-1594,2635
-7920,-5444,15728,-173,-6017,1394
-7656,-5720,14280,-312,-5561,4696
-6788,-5616,13652,193,-3957,3120
-6064,-4688,13556,1545,-1585,1028
-5048,-3172,13292,3726,1693,-2469
-4956,-2080,13420,2502,6068,-2441
-4576,-2324,13644,1913,5932,-4056
-7044,-3380,14388,1763,6542,-5901
-6952,-1828,14976,-627,-2023,-6891
-7804,-3532,15160,-137,-3995,-4288
-7484,-5988,16420,-1090,-2609,-3188
-7708,-8472,16680,-230,-388,-7609
-5952,-8128,13348,5715,947,-1218
-5848,-7412,13256,3126,1569,-7193
-5776,-6836,12972,4823,2497,-5907
-6116,-6896,13820,4016,3044,-6884
-6080,-6916,13652,5378,2364,-7808
-4068,-6368,13380,4909,2291,-9163
-5908,-6220,14120,5194,1389,-11291
-5860,-4252,13880,3282,1284,-9167
-6392,-4776,15356,-833,444,-5488
-6420,-3376,15224,655,3008,-4654
-6096,-6220,14048,584,1393,-6523
-7252,-4692,14736,2204,1309,-5483
-6540,-4792,12920,206,2369,-4812
-7396,-5552,13128,171,2427,-7413
-7704,-5520,14840,3146,3206,-8705
-6444,-3552,14596,4136,3440,-7933
-6160,-2056,14428,3119,2538,-5713
-5512,-2076,15516,174,1295,-3132
-5856,-3744,15668,-522,-780,-2941
-6492,-4492,16476,1162,-2158,-1714
-6100,-6184,16184,713,-1663,-2138
-6416,-7560,15496,1155,-299,-2360
-5572,-8168,14252,1851,28,-3920
-4272,-4476,12436,1667,181,-1637
-3408,-3188,12008,1037,-354,-1672
-4324,-4392,13768,214,1077,-1934
-4820,-4636,16036,792,743,-920
-6632,-5324,17132,-20,569,-47
-7120,-6040,16652,-1920,927,591
-7360,-3560,14676,-508,-579,609
-5312,-4588,13616,-28,-2156,-337
-4416,-4720,14012,-373,62,693
-4604,-2984,14412,-369,-1539,-279
-4296,-2888,14968,-266,-844,-424
-4860,-5576,15372,-522,-652,-1975
-3724,-5272,16196,-1999,1098,-1178
-4932,-8400,14288,-2908,1739,-13
-5896,-5904,12868,-1043,2193,-2642
-6360,-5252,13948,475,789,772
-5604,-4888,13572,119,518,-1673
-4316,-6524,15168,1707,-378,-1036
-4848,-5668,15708,2591,1111,-1116
-5900,-6796,16964,1024,181,-1456
-7236,-5692,15856,606,-1479,-1173
-7144,-4308,13552,1328,-2706,-1624
-4452,-5080,12992,-761,-769,-3332
-3396,-6120,13536,-437,505,-3334
-3520,-3936,14076,647,1908,-3686
-4368,-3608,15176,1541,2262,-2075
-4048,-4264,15856,732,403,-2492
-4532,-5176,16624,506,631,-2807
-4928,-6464,17112,922,305,-2454
-5880,-7332,15360,2490,1075,-4167
-4476,-6116,13636,3121,1022,-6155
-3600,-4556,13064,1626,1437,-4894
-3368,-3344,13640,579,1516,-3565
-4000,-4432,14952,597,2262,-2301
-3628,-5044,16100,1758,625,-2906
-5236,-5072,16908,575,-261,-2971
-5976,-4784,16468,333,-1209,-2976
-5804,-5856,14904,991,-1486,-2647
-4484,-4684,14324,2303,121,-2490
-3708,-4644,14676,1973,1878,-3094
-3080,-3880,14360,1417,-384,-5076
-3328,-2932,14460,664,-740,-6458
-2764,-2284,14920,399,1329,-4698
-4232,-2972,15744,538,2217,-4419
-4996,-4144,16320,525,1219,-4749
-3844,-5240,17180,165,1903,-7789
-5824,-6436,15540,-317,3369,-9204
-4708,-6584,13652,943,1291,-7881
-6364,-4724,13844,1457,728,-6781
-3656,-3496,14712,185,1776,-4834
-4700,-4956,14688,-591,508,-2792
-3720,-5916,15688,974,67,1280
-3760,-3576,14948,-2021,-593,463
-948,-4572,16220,-3640,-2864,-458
-3840,-6412,15720,1253,-3528,2531
-4128,-5388,14900,174,-190,-546
-4728,-3888,15800,2595,-1725,1149
-4216,-3336,14592,194,-2911,3108
-3848,-3260,15120,483,-470,2284
-3852,-2788,15732,-440,3314,862
-4748,-3168,15868,-323,2233,191
-5240,-3644,15280,898,138,-1250
-3728,-3596,16032,-558,-496,370
-4316,-3208,14928,-421,977,548
-3464,-3496,14680,394,1997,1217
-3688,-1944,14284,-3376,2381,725
-3948,-4496,13316,-2850,2480,-3650
-724,-7788,16736,-400,3245,-8195
-9844,-5708,12464,-2972,-1239,-3197
-7836,-6736,15544,1448,-3848,-566
-3792,-3216,15036,-443,-3375,114
-3680,-5840,14564,112,-951,-1566
-3472,-3960,14412,342,-3221,-3054
-2724,-5000,15168,-982,-193,-774
-3932,-4976,15412,-491,1011,-2081
-2576,-6284,15512,-676,-1683,-2260
-1584,-3708,14992,1154,-2585,1883
-2628,-4380,15064,-2609,2544,70
-3508,-6288,14652,-3587,2407,1645
-4092,-7680,14596,-327,1320,3116
-4832,-6812,15520,1171,-248,2115
-3680,-6724,14788,2879,31,1443
-5852,-5172,16904,265,672,3347
-4080,-4740,14264,-950,-81,-1181
-3424,-5968,14480,-4098,2256,-4439
-3320,-4560,15580,-1083,2095,-967
-3808,-7548,13260,4450,2258,1024
-3752,-5256,15224,7330,2315,2202
-5344,-6176,15848,1170,4340,-3962
-5020,-5324,15860,1463,1223,-1156
-5284,-5256,15592,1131,564,-1739
-5500,-5900,14744,1131,-1042,-1744
-5460,-5164,15460,1364,-826,-2779
-6444,-2184,13336,40,34,-2518
-7852,-2036,14488,-384,-356,-2135
-6544,-2316,14316,457,-951,-1620
-5596,-2260,14324,-1254,-3438,-4784
-4692,-1956,15340,919,-1590,-3468
-4696,-2772,14604,-43,6930,1028
-5724,-3640,14428,-2054,7110,1961
-6768,-4564,16260,774,4544,-351
-6196,-4004,15656,-990,-3063,-5249
-7136,-4052,14920,-1654,-3518,-4356
-5804,-4724,14572,-203,-1329,-2119
-5948,-4888,14520,-86,-762,-3141
-5992,-6436,14556,-438,125,-612
-6340,-6040,13740,380,1197,288
-5964,-5048,14280,202,941,580
-6840,-6284,14236,-983,112,3783
-6448,-4524,13888,-227,-234,1489
-7256,-4148,14048,525,456,1670
-6780,-4076,13908,-472,522,-43
-6984,-3836,14388,183,396,-1362
-7300,-3440,14472,209,-171,-1428
-7424,-4040,14188,-110,249,-677
-7500,-4008,13952,-388,272,-151
-7512,-4148,14264,-502,472,255
-7500,-4560,14432,-679,89,743
-7236,-4652,14388,-263,-309,922
-6716,-4456,13956,-220,-50,1032
-6748,-4468,13696,-543,133,535
-7052,-4404,14224,-946,-171,16
-7024,-4700,14084,-728,242,-114
-6968,-4676,14244,-443,55,-342
-7248,-4680,14248,-542,142,-224
-7284,-4572,14300,-584,-104,-39
-7500,-4644,14200,-310,-134,382
-7252,-4528,14064,-366,-356,354
-6856,-4388,14104,-645,-71,438
-6968,-4808,13952,-613,140,475
-7044,-5060,14060,-697,-2,-66
-7208,-5056,14308,-490,-11,-67
-7144,-4860,14072,-251,-30,-182
-7044,-4920,14032,-301,-140,-91
-7212,-4872,14024,-396,-44,1
-7184,-4868,14304,-255,-248,-212
-6984,-4840,14040,-63,-190,71
-6996,-4632,13788,2,78,148
-7216,-4800,13856,-416,-148,62
-7340,-4724,13892,-628,-156,-179
-6880,-4716,14400,-466,-58,298
-7264,-5364,14392,-1,311,404
-7472,-5020,13968,163,-530,-402
-7068,-4368,14092,-12,-550,-117
-6944,-4424,13800,-111,-10,333
-7056,-4648,14108,-337,-45,180
-6944,-4588,14244,-453,-102,126
-7104,-4692,14140,-184,-60,119
-7056,-4600,14176,-318,-211,-101
-7028,-4720,14028,-362,-137,-63
-7120,-4836,14236,-481,-189,123
-7076,-4620,14136,-780,-313,35
-7064,-4808,14120,-251,-67,368
-6944,-4796,14136,-214,-220,67
-6928,-4700,14064,-377,-232,150
-6960,-4716,14352,-368,-83,120
-7020,-4488,14180,-280,-57,122
-6960,-4816,14068,-157,-186,-25
-6928,-4888,14160,-166,-266,58
-6916,-4684,14152,-437,-158,18
-6896,-4752,14200,-152,-142,144
-7044,-4812,14160,-137,-172,157
-6816,-4680,14240,-187,-329,33
-6756,-4412,14240,-45,-312,290
-7172,-3900,14568,-200,-342,867
-9080,-2736,14984,-1530,-1740,3068
-8360,-3968,13884,-2122,-3239,3691
-7908,-2828,13452,-1976,-4494,6226
-7288,-2452,13324,-3306,-3750,7659
-7408,-2156,13800,-4592,-3305,8110
-7824,-3564,13612,-6298,-1648,7561
-8496,-4572,14052,-6557,-2664,8138
-7524,-4828,14276,-5428,-4170,8162
-8460,-5196,14312,-3933,-3396,9669
-7444,-6916,14296,-1620,-2117,10501
-6564,-6588,14744,-187,-1824,11425
-6136,-6560,14364,-2030,-1570,10221
-5928,-5840,13908,-3546,-3052,8392
-5232,-5408,13320,-4826,-3347,7443
-4512,-5984,13656,-5095,-2523,6216
-3992,-5508,14184,-2847,-1328,4937
-3744,-4680,15152,-1784,-556,3991
-4916,-4440,16028,-1977,-2,3935
-7656,-5840,16812,-1958,-584,4514
-9724,-5852,15136,-923,-1031,4728
-8488,-5828,13656,204,-912,3519
-7448,-5188,12804,-163,-1476,2225
-5228,-4600,13052,-2466,-1289,291
-5008,-4824,13584,-1801,-88,-1058
-5104,-3636,13744,-502,184,-1073
-5200,-4304,14732,-1827,1198,-1505
-5268,-5052,16444,-638,-270,-1887
-6364,-6532,16448,698,-135,-2268
-6760,-8896,15424,1910,1557,-3193
-6100,-8252,13332,2967,700,-4417
-4860,-6264,12144,4870,-182,-4291
-6116,-5724,12180,2788,2443,-5622
-5220,-4384,13584,1401,1921,-5437
-5180,-5256,14560,1061,1253,-4621
-5744,-4768,15132,1533,1041,-4267
-6464,-4672,15740,750,2296,-2351
-7964,-7720,14464,-1385,3077,-2039
-8328,-5388,12504,755,-315,-3225
-7464,-6120,12856,-858,2005,-4182
-6564,-6464,13140,-609,1553,-4365
-6524,-4812,13612,-112,1416,-4596
-7520,-3848,14136,-281,1264,-2506
-7340,-4540,14876,-544,197,-768
-7184,-5452,14680,355,-1263,935
-5924,-7448,15036,1136,-945,461
-8760,-12312,14008,-2572,3746,-5903
-5428,-8728,12324,4355,-1530,-4319
-6216,-6396,11420,641,-630,-2973
-5964,-7080,12244,-657,1028,-1868
-4720,-6856,12356,-356,1223,-723
-5228,-7516,13876,-854,1123,-462
-4668,-6976,14232,202,475,-551
-4776,-7444,15156,343,520,-1253
-6208,-7568,14888,407,-167,-595
-8172,-5428,14128,-1168,-2183,462
-9780,-6844,13436,-2908,-1496,2430
-7672,-5348,12072,-430,-3140,1799
-9296,-4668,11852,-544,-1332,4623
-9208,-4856,13188,-1928,-2007,6231
-8468,-5476,14316,-3625,-4019,5849
-7648,-4292,14048,-2461,-1194,10028
-7612,-4232,13448,-3353,-1442,10519
-4672,-3940,13372,-5279,-2175,6651
-6864,-3460,13712,-5674,-5393,-332
-5796,-7492,15748,-4910,-4721,3028
-4760,-7840,14764,4,-3187,4610
-3672,-10304,14112,1492,676,5010
-5256,-6600,14080,332,-2750,-1481
-4836,-7160,13452,-1462,116,327
-7172,-4588,14248,-2535,-1117,696
-7652,-7780,16732,-2636,-5540,483
-6648,-8984,14688,-1084,-4607,1856
-7704,-8772,14760,-322,-2821,-1649
-6436,-7516,13104,-1590,-2260,2364
-4516,-7024,12640,-2138,-115,2198
-2672,-6336,11400,1174,-921,-1218
-3216,-5864,13268,-1021,2187,-902
-2836,-7872,13012,-3629,2353,-1633
-5104,-10240,12968,-2591,3328,-3642
-6308,-11760,11972,-1,3858,-1956
-5768,-11564,11544,107,4153,-4803
-6636,-11460,10972,1169,4453,-2746
-7396,-11500,11848,3532,2296,-4837
-7228,-11332,11688,2863,1401,-7297
-6648,-10536,11772,1032,908,-7437
-6136,-9488,10648,-3050,3985,-6431
-7760,-10360,11616,-4591,5488,-4802
-6188,-10380,11128,-2223,1340,-6212
-4812,-9708,11304,-82,3460,-4187
-6996,-10156,12080,947,1681,-1529
-6304,-9480,12632,-1639,1025,-2420
-5232,-9192,12572,-3672,-828,-1680
-3900,-9396,12152,-2819,-1264,-871
-3504,-10100,12328,-601,-1050,623
-3312,-11328,11912,-596,-1761,2162
-4464,-13392,11492,-258,-1397,371
-2884,-14692,9620,-26,-2921,3543
-1980,-15972,9076,484,-3145,1585
-2200,-16464,9728,2520,-1732,-1596
-160,-13372,10068,1382,-4163,-4893
-372,-12632,9956,-4016,-4249,-3501
-428,-13240,9716,-5789,-3824,-4680
524,-13300,8956,-4723,-2412,-265
-3920,-13820,9224,-1468,770,-3129
228,-12588,7980,880,-395,-2364
264,-12616,8356,1815,-191,-1203
2836,-12628,8088,1672,-1156,-2715
840,-13800,8544,681,1004,-3735
284,-14084,9112,-2303,801,4746
-132,-15336,9140,-3120,1401,-547
-260,-16160,7452,-3367,-1410,-1622
-2728,-15116,6472,-2831,-4434,-3496
-2828,-13692,7596,-2679,-5878,-4437
3824,-12008,7932,-3668,-4731,-1506
1336,-11332,8976,-4774,-20,4392
572,-13336,9560,-4549,5162,6508
2432,-14828,9348,850,1179,6124
-1548,-15352,10028,4425,1522,7787
-256,-15176,9112,3884,1628,4831
-312,-15928,9784,3159,935,2443
-3312,-15768,9240,3024,-835,525
-2832,-14296,8896,1967,592,-411
-3824,-13084,9840,1189,-447,-2504
-4804,-13060,9676,-820,-711,-184
-4528,-12304,9144,-3397,-2131,-1984
-672,-11828,7820,-4867,-4407,-965
-364,-13904,7116,-3601,-2279,2120
-3356,-16436,7044,-586,-3642,3295
-3920,-15260,8016,819,-5832,2335
-64,-13764,8696,913,-5003,3877
1732,-12828,9708,590,-3008,4448
1772,-12876,9140,-1481,-2199,3552
980,-13116,9048,-679,-2511,1332
80,-12972,8432,667,-2769,1312
-1908,-13820,8476,79,-1653,3788
-6756,-14664,8388,623,-2703,3892
596,-14428,8344,-1176,1389,-4242
-1372,-14500,9120,-2692,4106,1513
-3824,-15736,9224,-2090,1382,-352
-5900,-15640,8500,-281,-1721,256
-3696,-14364,6932,2349,-2958,-2476
140,-13212,6116,-1775,1989,-2833
-2592,-15164,6560,-2907,5348,282
-5108,-15776,7468,3456,2747,1131
-4104,-15056,6868,7136,-428,2703
-4416,-14772,8232,8053,141,1903
-3748,-13804,8780,6740,331,513
-3252,-11824,9840,4035,1282,505
-1592,-11120,10580,2255,2219,912
-1248,-11148,11832,2301,4431,-168
-3560,-10976,13044,4198,4953,-3545
-1944,-7976,14524,-1584,-1149,-3275
-1924,-10848,13088,6967,4009,-6712
-4416,-9784,15308,8824,155,-8420
-1128,-9116,12060,6228,-132,-8937
-3056,-6748,12756,4665,578,-8648
-4136,-7352,14380,171,3335,-6144
-2276,-10152,11884,4046,1153,-7056
-760,-10388,12840,4948,3780,-12285
-2524,-9012,11572,221,7236,-14196
-1716,-5768,15616,9736,8832,-11589
-2568,-3236,19796,10144,3546,-8980
-1424,384,15312,9930,1756,-11296
-1732,4208,11972,3205,1484,-9668
-4664,3700,14196,-1093,185,-2039
-6140,2456,15616,-2627,-1170,1332
-7984,-748,18376,-492,-3159,8191
-7164,-196,16580,-2231,700,13817
-7256,-3064,13768,-8083,5508,13492
-8140,-4596,13940,-6830,6335,7812
-8816,-4384,15168,-8166,4326,1944
-7928,-5524,13516,-5611,-111,991
-7172,-5004,14616,-4182,-893,1707
-7560,-3340,14340,-3599,-784,2174
-7748,-5624,14188,-1056,-738,1000
-7120,-6168,13732,-1016,-3410,2584
-5284,-3760,12308,345,-4392,861
-4968,-3756,13060,-761,-2405,1802
-5592,-6296,14172,-239,-2325,736
-5644,-4004,16040,2634,-2164,2987
-4552,-4432,16480,-3014,1213,3450
-5060,-7656,15804,629,-586,1491
-4456,-3732,15508,3216,1160,2507
-5068,-4924,14952,-526,-376,723
-4948,-3640,13848,-391,-2895,323
-4448,-3864,13088,-2874,-3351,502
-3664,-3884,13120,-1753,-2900,723
-3948,-5816,15896,-4085,-1611,360
-2948,-4544,16284,-125,-1379,2046
-4272,-2860,16896,-2079,598,3773
-4900,-7396,15800,-1371,-1746,3505
-3236,-4044,14756,1790,-1109,2353
-3892,-6020,14732,-290,659,4355
-4376,-7112,14836,998,291,3105
-3812,-3292,16064,578,-2141,1759
-2524,-2232,15752,-1373,-1025,540
-4224,-4508,15504,-996,101,1263
-3476,-4052,14632,570,-831,1351
-2684,-2072,14744,-1073,882,1311
-4196,-4060,15344,-944,253,876
-4796,-4388,16204,-1653,1582,999
-3988,-5296,14792,-1194,-1016,773
-736,-3128,13360,-360,375,-502
-3328,-4604,14088,-1976,1117,-3185
-3568,-4188,15292,-3575,1894,-3691
-3508,-6460,14160,-4603,1484,-4287
-5496,-8140,14256,-2184,1849,-1967
-6840,-9188,14128,-953,1477,-340
-6376,-8932,14228,2190,-1248,1468
-5916,-8840,13908,3067,-1136,3956
-5840,-8440,14380,4530,-297,3750
-4900,-5436,14824,3396,1658,6434
-5200,-1880,16080,823,3239,6869
-6408,-3560,14852,-3393,746,1805
-5432,-2988,12004,-2065,-640,711
-4984,-2360,12484,-516,315,772
-6588,-4424,13352,-732,241,-2299
-9548,-4932,17780,-111,2535,-2749
-8848,-4292,17112,-141,6116,1412
-7332,-3336,13980,168,3603,713
-6644,-2476,11732,4320,-3142,-1749
-7576,-1756,13816,1018,-2510,451
-8472,-3212,16048,-3517,-301,-1749
-7520,-4704,15276,-3986,-219,-403
-6020,-4948,12844,2078,-2212,2909
-6052,-2568,12888,3712,-3185,1875
-6756,-2732,13372,-142,-1904,-745
-6328,-3148,13708,-1610,-530,86
-5608,-2972,13092,588,-1012,3018
-5448,-1656,13404,2731,-1097,2923
-8188,-2920,15512,-269,708,-127
-8928,-4752,16872,-296,1130,-2996
-8636,-4072,17660,-3290,2189,-2483
-7276,-5248,16900,-3793,2497,-2268
-6060,-5480,14420,-383,685,987
-6456,-4512,14572,-544,72,929
-6732,-4592,14768,-907,-1537,-1401
-6924,-3288,15316,-1804,-2488,-970
-6596,-4660,14888,-684,-3690,-3001
-5764,-2268,15416,-183,-1105,-337
-5596,-4320,14636,-704,257,-356
-5576,-4888,14172,1054,-557,-539
-5344,-5704,14144,1553,-1007,882
-4712,-5192,13772,1822,-61,821
-4372,-2876,14012,996,1612,951
-5164,-2956,13720,809,2147,2957
-6380,-3116,14648,200,1671,1201
-7324,-3216,15664,962,677,-642
-7228,-3116,15352,919,954,-1291
-7176,-1992,15144,965,653,-108
-7372,-916,14812,1322,-29,1530
-6396,-1064,15276,-1462,-3435,-1771
-6376,-3556,16736,-360,1686,-5
-6464,-3768,16352,609,948,-2779
-6132,-4632,14904,1397,-35,-3947
-5916,-2392,14472,2928,-937,-431
-5932,-3620,13388,1603,336,1469
-5700,-4612,12756,-310,-399,714
-5108,-3704,12552,-712,-1592,-1561
-4736,-2036,12956,-749,-3425,-183
-4792,-420,14716,-2468,-3165,1643
-4152,-1072,16628,-1940,-3090,1165
-2664,-1092,17372,-1148,-959,370
-3000,-2028,16756,-1204,1900,7952
-3924,-2988,16504,275,2052,7535
-4256,-2824,13496,-266,-406,5882
-5376,-2912,14104,-203,-1497,4328
-6376,-2572,15952,-1816,2096,2584
-6708,-2196,15004,-2282,4778,4638
-7824,-3152,14924,-2886,3358,3584
-8964,-3796,15988,-2411,554,880
-8112,-3668,14192,-332,-1857,1190
-7304,-2524,13316,-167,-1154,2566
-7760,-1840,14648,-1290,-151,2953
-7596,-2108,15352,-1925,-975,1923
-7528,-2616,16700,-2925,-282,891
-7436,-3048,15608,-2334,1967,2104
-7208,-3332,13892,848,1421,4819
-6664,-2020,13108,1593,-1415,4514
-6744,-1132,13796,-436,-3623,2897
-7676,-232,16004,-2078,-2653,2180
-7268,-1116,15472,-3638,1332,905
-8064,-2816,13724,-2402,2496,4196
-8444,-3188,14392,-1278,690,2868
-7840,-1776,14200,-1460,-591,3221
-6392,-2560,13304,-2143,-2631,5423
-6272,-3576,12596,791,-2215,614
-7512,-1516,15572,-702,-1855,1385
-7104,-2368,17132,-2324,-3047,-3093
-4044,-1580,13040,-408,-1888,-1062
-4684,-2124,13236,129,2700,2464
-6264,-3852,14620,2849,2019,5768
-7652,-876,17768,2363,620,802
-7332,-1196,17284,-3985,-1917,-4063
-5692,-3068,14504,-2441,-3965,-3807
-4988,-2580,13124,130,-898,-949
-5788,-2016,14036,1296,1333,803
-7044,-1544,16164,639,-847,-1121
-7380,-1668,17208,-2856,-718,-4554
-6076,-2124,16116,-3617,54,-2278
-5016,-1648,15020,-3089,2687,-1872
-4940,-2588,12932,-212,3079,2310
-6264,-5968,12048,4165,1331,-275
-6892,-3692,13612,6420,-3429,-316
-7236,-508,16904,3380,-2964,-747
-7640,-1188,19852,-2657,-1600,-4789
-6548,-2056,18844,-4581,-3847,-5185
-4512,-1480,14028,-1491,-3269,511
-3540,-2252,9636,3905,-1150,1392
-5140,-1816,16460,2900,1734,-540
-4856,-1984,17892,-1941,3073,719
-3976,-4920,17964,-5552,2033,-1363
-4904,-6216,16276,-4503,1226,-5228
-5144,-3524,13112,3626,-76,-3000
-5492,-2880,16212,-290,1006,-4057
-5192,-3380,14692,-1029,-320,448
-5124,-2344,13420,35,-432,1425
-5304,-2964,12720,659,-699,2291
-5712,-3600,13540,632,-159,2705
-5760,-4708,14228,-736,1550,-247
-5824,-5244,15056,-1216,1798,1836
-5568,-4724,15296,-1446,-426,398
-5600,-5172,15848,-2518,-1311,-1923
-5496,-5200,16168,-1618,-1265,-1308
-5308,-4540,16244,-440,557,73
-5120,-4848,15324,479,382,-761
-4772,-4880,15456,1936,-1487,-1954
-4248,-4232,15048,2386,-1310,-1141
-3784,-2988,14484,2784,-110,-410
-4564,-2640,14120,2646,1264,-1889
-5348,-2656,14644,1447,501,-4242
-5896,-2308,14452,981,-296,-4184
-6152,-1508,16008,927,-386,-3133
-6032,-960,16108,1058,13,-1295
-6092,-196,17276,-706,-934,995
-5664,-748,16808,-1897,-790,68
-4520,-1628,16148,-150,-322,2702
-4320,-1940,15548,-605,166,3310
-4120,-2828,15076,-1271,-810,2612
-4084,-2420,14828,-1020,-831,1480
-1540,-3720,14984,-2507,1562,-1236
-6908,-3300,13740,-1687,-434,-1709
-4356,-3972,14584,-570,-6105,-2269
-1012,-3444,15852,-4755,-5111,536
-2656,-5340,15036,-1834,-763,-534
-3524,-7408,16288,1300,-675,2474
-3728,-1960,18336,3026,-4819,2898
-504,-4488,15540,2414,-3409,1559
1584,-2320,14924,907,-2233,702
-1744,-3564,17612,-6169,1365,279
-1240,-3860,13036,-1344,5085,-1653
-1328,-2700,9008,-453,-520,-436
-1548,-3476,15212,-4913,105,-5344
-3448,-7936,15832,-4560,3855,622
-4544,-8252,18348,2658,1856,2664
-4972,-5176,12220,4237,2039,2047
-4192,-5408,15012,3277,-1969,-1923
-4876,-2560,14900,3440,1736,5055
56,-2776,14680,-1676,-344,2580
-4472,580,14964,-1885,1405,24
-5324,-936,15288,-3343,-133,-5205
-4408,-3880,15456,-2815,-1733,-2241
-3544,-4848,16564,-1544,-1864,-5533
-3584,-3924,17224,-1676,-2807,-4681
-2024,-3396,17424,-1620,-2693,17
-1664,-4888,15560,-26,-663,1241
-2568,-5220,13816,2267,230,2938
-1856,-5108,14920,2975,-1915,2902
-1692,-4004,15596,1196,-1223,1089
280,-3584,19532,124,-809,-1440
-2496,-3356,17620,734,735,-470
-2660,-3152,10540,244,-1644,1780
-2164,-2880,9944,104,264,541
-2068,-4308,14324,-1209,1507,-976
-2192,-3484,16188,123,1869,-1445
-3080,-3356,16680,-601,652,1938
-2816,-3888,16996,281,928,3130
-3948,6108,19544,386,351,5731
-4052,-3348,15612,661,-931,7585
-3412,-5196,15460,2139,-167,925
-3012,-1232,17528,1362,-1158,1620
-796,520,15764,-30,276,1155
-2396,-4572,15624,434,2724,-4440
-4372,-2716,16056,-948,1724,2553
-4124,-964,17028,-1247,-1244,475
-3460,-2632,17092,-605,-407,-2804
-2712,-3928,15760,-2184,-508,-5448
-3252,-2984,14700,2056,29,635
-4068,-2596,13404,179,-2589,-214
-2924,-2232,14808,-510,-446,802
-2656,-1748,16556,-640,1442,-512
-2520,-2328,17008,-2110,-205,-2578
-1856,-2684,16544,-1995,-2491,-2802
-4436,-2900,15704,3099,5954,2070
-4340,-736,16120,-459,219,-1940
-3868,-2716,15976,-979,-2912,-2624
-3372,-3496,15544,-1503,-2043,-510
-1308,-3644,16448,-2977,-90,-2506
-4616,-2448,15872,874,1858,-731
-3540,-2908,15840,-1782,-20,1471
-4612,-2656,15756,-264,2217,1471
-4808,-3060,16208,-1912,933,903
-4676,-2764,15076,-1639,-3925,643
-4372,-5088,12440,-4423,-1862,-1556
-1524,-4032,12256,-4260,15,-524
-1068,-5860,12816,1798,3992,287
-3584,-4272,15076,1703,2705,1627
-5516,-4404,17228,-2897,4811,407
-7332,-6224,17120,-3161,2049,717
-6632,-6484,15104,-1446,-1472,-757
-4896,-6868,13696,-291,-943,-1472
-7348,-4708,12316,-3692,735,-2179
-7888,-5876,14004,-830,-1336,-45
-8264,-13096,27404,-6773,3260,-2162
-6568,-6780,17332,2498,-3449,-1267
-428,-1092,700,7557,-3811,4031
2372,1128,-1796,-957,577,631
-6728,-6148,14548,-7530,6146,126
-15452,-17912,32767,-3943,3407,689
-11184,-11320,19860,8541,-5400,1276
1656,972,-4148,7544,-5272,2574
-1048,-1264,1764,-7609,3133,-2735
-7984,-10828,21184,-8514,6547,-2378
-15988,-17908,32767,-993,864,1076
-7844,-9300,15504,10501,-9440,1397
2500,3120,-4452,9669,-5329,4091
988,-320,-440,-3741,3129,-1313
-5628,-5512,15656,-9742,7142,-2305
-15456,-16072,28380,-3948,6578,1911
-10516,-9972,22032,4194,-4794,371
-5508,-5072,11640,4070,-5986,-1347
236,868,-3408,4982,-9066,-157
948,100,6684,-3140,6666,-348
-10724,-8628,26596,-7250,10043,523
-10336,-9236,21408,-691,34,-46
-8260,-6888,16784,-141,-1378,952
-4192,-2804,9572,2234,-5934,562
-3144,-2220,10380,-3057,1385,-2283
-5156,-4732,14580,-3454,3473,587
-6924,-6816,15788,-1221,-30,768
-7604,-7152,15644,106,125,815
-6556,-6956,15360,377,-808,756
-5752,-7092,13620,686,-2806,-1089
-5064,-6344,13236,89,-1447,-667
-4844,-6248,13740,-77,-1027,109
-4388,-6068,13612,-986,-1499,-61
-4860,-4532,14024,-1261,535,-1239
-4996,-7424,13928,-3464,-131,-350
-4788,-7304,14060,-537,635,-727
-5176,-6556,14400,92,702,489
-5308,-5760,14852,426,1156,-217
-6736,-7528,14964,549,1003,1166
-6032,-6056,15620,-257,-484,-270
-5400,-6316,14636,709,-591,119
-6436,-5348,15580,837,-951,-531
-5652,-6156,16092,1200,-2670,-587
-3164,-3424,16568,1142,-3585,61
-868,-5356,-4796,-2987,-818,-599
132,-412,80,2770,-1789,-4368
-240,-436,524,2122,-1034,-3798
-416,-64,1540,515,-438,-4242
-848,-108,1516,-1232,-294,-4822
-648,144,2076,-3455,490,-4992
-800,-296,4784,-4045,4124,-2661
-252,-1184,3008,-4781,7158,-710
ax,ay,az,gx,gy,gz
-7068,-10616,10540,-267,-95,-9
-7100,-10640,10596,-244,-78,-42
-7048,-10580,10500,-274,-71,-14
-7100,-10692,10440,-262,-84,-12
-7032,-10612,10572,-246,-65,-34
-7096,-10608,10512,-264,-72,18
-7160,-10656,10524,-277,-87,-22
-7032,-10652,10624,-279,-52,-10
-7040,-10588,10608,-266,-74,17
-6948,-10628,10504,-262,-93,-18
-6376,-11136,9944,-168,268,187
-8868,-11136,10732,-690,231,69
-7528,-10012,11152,-794,1069,408
-7324,-10304,10788,-388,447,280
-7184,-10308,10704,-194,1,112
-7640,-9620,9592,-73,-388,-119
-6304,-10316,10360,-560,158,-2
-6324,-10224,10708,-244,-422,-125
-7188,-10308,10424,-1655,751,2
-7252,-11600,11196,-849,-893,482
-8160,-12420,12556,588,-8114,1155
-9284,-13080,15900,165,266,13079
-12056,-12744,12980,-4048,-549,12137
-9216,-12512,13568,-4624,-8122,-2561
-6796,-11288,14176,-2222,-4859,-1133
-7996,-10284,12680,-1321,-3695,1040
-7252,-8816,12052,-1482,-2365,1754
-8100,-8884,9652,-3977,-4338,745
-4944,-8236,9620,-2466,-4210,1197
-3108,-9040,7872,-2029,-2555,2701
-4084,-9700,8208,-319,-2768,1970
-6236,-10976,9372,2973,-957,3517
-5456,-9796,9340,3416,2626,3345
-6124,-10108,9736,-5686,1275,591
-5728,-7956,9340,-1625,-494,942
-6616,-11136,8556,-689,-3773,-355
-4284,-8708,8628,1202,-975,-1109
-5308,-9956,11008,431,-1057,-773
-5852,-10360,10164,-328,837,-707
-6500,-10336,10904,1557,1392,1407
-6224,-9016,10864,743,1045,-168
-5932,-10688,10080,1388,-1032,-271
-7000,-10584,10776,814,-1532,2053
-6992,-10864,10052,48,-1392,447
-7092,-10064,11164,-1280,-3361,35
-6844,-11160,10848,-20,-1965,1026
-6176,-10280,11980,-202,-2010,2302
-6816,-9880,12568,-1334,-1571,3242
-6644,-9308,11460,-975,326,1568
-7000,-9156,11672,-2588,428,1858
-7168,-9896,11300,-1092,-548,237
-6712,-10036,11080,1587,-769,-379
-6876,-9856,11348,712,18,550
-7364,-10012,11376,-631,532,264
-6552,-10652,11428,-1229,643,245
-6632,-10024,11252,-970,-271,896
-7260,-9912,10560,2,-617,1103
-7044,-9636,10860,-499,-486,831
-7464,-9272,11108,590,-736,-288
-9236,-8388,10692,1300,-1892,116
-6332,-8728,10308,-1668,351,-2191
-5484,-9760,11244,-2891,-541,-273
-6260,-9056,10368,2905,-5471,3513
-5536,-11932,11604,-1052,-3502,4723
-6484,-7408,14008,-6272,-4735,-770
-7724,-12108,15400,-1944,4007,5672
-8676,-13328,12876,1307,3730,4952
-9316,-10848,10872,-3022,4714,1267
-8816,-11244,12944,-4168,-6731,-2210
-7744,-11528,11220,-2326,-13524,-4574
-5304,-9468,9460,-613,-462,831
-6836,-8492,8412,3239,2162,1644
-5948,-7348,8120,4511,-1103,1068
-572,-10284,10968,5368,4577,-4611
-4936,-7776,8608,2451,8057,-1299
-6180,-10116,10692,1669,9330,-5136
-8708,-12584,12632,-307,6042,-8826
-7644,-12948,11920,-258,734,-8358
-6996,-13364,11712,1315,1075,-4248
-6464,-11656,12004,4917,3343,-1474
-6796,-9000,12612,5243,4930,-566
-7332,-7536,12184,5863,3936,-601
-8388,-8376,11732,4591,1525,-1566
-8040,-7944,11516,1181,-493,-2418
-7600,-7284,11840,427,-2600,-2929
-7120,-8652,12344,-585,-2918,-956
-6500,-9144,11468,97,-896,1254
-6472,-7980,11116,682,1156,2208
-6732,-8412,10956,-1254,-9,3307
-4188,-8680,12260,-2134,5243,482
-6548,-9208,11736,-3229,1518,1575
-8176,-10560,11932,-5317,4685,-351
-11700,-10824,13904,-4479,1575,-2447
-9288,-11516,11808,1792,-5124,157
-6052,-9288,8772,-633,-633,-2479
-5988,-8236,9004,-280,2240,-512
-6324,-8932,10068,-777,5115,-133
-7312,-9868,11096,-1756,1234,-355
-7964,-11428,10644,-387,-2104,-409
-7424,-9880,11196,1210,20,-99
-7248,-9144,10280,965,396,1938
-7424,-9392,10064,-368,955,2344
-8376,-9432,10168,-1690,660,1397
-8532,-9824,11044,-770,-83,-1092
-7768,-9884,10328,-1205,-1016,-3379
-7412,-10748,9704,-1448,75,-481
-6480,-9608,9368,1390,-1096,578
-5528,-8304,8776,436,247,399
-7800,-10604,10884,-1618,1609,-321
-10332,-14656,14568,-1890,-355,-860
-11688,-15048,14924,2644,-511,1141
-8864,-10044,11608,3520,-2109,1526
-3720,-4984,7596,3283,-3435,-1057
-2536,-4212,6132,346,-784,-412
-3968,-5572,8916,-2271,2084,-703
-8404,-11292,12952,-4464,2109,-285
-10460,-14540,15208,-3335,210,-1110
-10776,-14944,14168,589,-774,-383
-9256,-11872,12216,2179,-1339,7
-3808,-6020,8324,3621,-2436,278
-2720,-4940,7212,-693,1007,-2499
-7824,-7564,9716,-5666,3534,1587
-7964,-11372,13044,-3480,4782,2457
-9856,-14136,12388,-1589,-1390,-1065
-8596,-11992,11264,1563,-4434,-2195
-6960,-10780,10808,549,-616,-1591
-8316,-10468,11412,-1704,990,1371
-7500,-10592,11060,176,-534,1083
-5724,-8832,8828,2910,-3199,-2416
-4096,-6100,8456,2335,-2111,-1428
-4800,-9592,9540,-3017,2970,1224
-8736,-13472,12056,-2018,3006,2504
-11152,-15516,15896,-2488,1643,1501
-12748,-17608,14468,244,-3439,-1994
-4748,-4788,7204,5972,-3201,-615
-2564,-3712,4816,-558,-396,1987
-2984,-4948,7016,418,392,569
-6044,-7920,9292,-5570,3522,-730
-10512,-15360,12988,-4378,2431,375
-12708,-17004,14612,-2616,1171,-351
-11448,-16692,13560,2113,-2243,-1210
-6380,-9040,8344,5889,-6241,-2469
-1668,-3784,5180,2363,-1537,-177
-3384,-4740,6892,182,1197,2388
-6428,-8036,10404,-3035,3764,186
-10432,-15564,14616,-3462,2810,1992
-12568,-17092,14700,-696,1918,1874
-9920,-12376,11680,3089,-2820,-869
-4232,-5448,6716,3151,-3928,-2203
-5760,-5540,9324,-3628,1439,1494
-6832,-10388,11388,-3074,1564,-679
-8072,-8796,10796,-1154,160,668
-7912,-13132,10852,2514,87,1474
-6960,-13128,12680,-2044,-2150,-1387
-8160,-10452,10736,7387,-5024,4638
-6740,-7448,10040,872,1022,-760
-7204,-9640,11048,-2937,-292,-1800
-6772,-10208,11168,-1738,-1683,-4053
-5988,-9580,10732,-559,-915,320
-6464,-9468,11552,-905,1378,1619
-7992,-10528,10992,1269,1209,3354
-7764,-9484,11316,1151,1214,1527
-7976,-9504,11796,322,236,-962
-7840,-9560,11488,237,-1090,-956
-7752,-9848,12412,170,-1735,-1673
-6576,-9020,12020,1168,-2685,-2504
-5712,-8312,11856,218,-1280,-319
-6460,-8956,12264,245,214,-266
-6140,-8828,12292,763,330,-462
-5960,-9076,12692,-33,-1000,-330
-5984,-8844,11488,89,-228,-299
-6660,-8796,12752,-230,267,606
-5916,-8564,12732,495,-154,39
-5188,-8360,13956,-524,-319,-66
-3268,-5588,11220,-309,-1328,-1399
-712,1904,-876,413,-1592,-2577
-352,-536,60,1064,-1313,-2140
-704,-752,392,544,-984,-1959
-688,-668,1448,-2392,334,-2316
-1344,-1232,1192,-3378,-551,-3528
-804,-784,1924,-5688,692,-3504
-592,-1736,1680,-8092,2257,-2864
-1904,-1256,2356,-10866,3602,-1865
ax,ay,az,gx,gy,gz
-8228,-13480,14684,-8265,-9328,8864
-10756,-12328,10860,-2016,-8268,9797
-8772,-12084,8200,1067,-7763,10021
-7356,-9932,4680,6386,-1966,7103
-5200,-6548,7244,5041,-3320,7500
-5392,-5020,5008,1495,-9338,10210
-5084,-4656,8304,-3027,-7849,13958
252,-2216,7220,-3670,-6203,8522
-2672,-892,9712,-9313,3730,6052
-5688,-5252,12040,-3430,1467,-6107
-5140,-7752,11200,3819,-4266,-9775
5884,-7012,-3880,-7147,-9182,-1050
-3248,-5916,17772,-3338,2778,76
-5224,-9860,16652,-3210,4472,1946
-3692,-9740,16672,3158,4279,-873
-5628,-6776,12640,-9572,1943,-2920
-6600,-1920,-624,-4594,4510,-3710
-7864,-8816,9028,1702,2988,3360
-5184,-12392,11740,3121,3508,2827
-3932,-11412,11572,5786,3543,1763
-9856,-8424,15120,5475,3831,4262
-11904,-11788,19004,-1283,3283,4484
-14016,-10636,17144,-5881,3004,-132
-11044,-8612,10916,-5875,2715,-2265
-5448,-3856,4092,-7317,-4915,-6166
-4504,-920,2608,-3532,-5839,-6094
-3792,-3896,4644,104,-642,-2552
-7228,-8940,11048,4012,1140,2441
-9192,-11636,14088,5398,495,5498
-12340,-13872,19276,2605,2593,5086
-14448,-13404,18556,-2831,1006,-1099
-12780,-12664,15040,-6540,-1113,-2209
-8136,-7024,7876,-5924,-1992,-2180
-1716,-2120,2344,-2928,-3526,-4109
-540,-3284,1884,546,-2298,-2725
-4452,-8284,7900,4853,1829,4567
-10880,-12908,16036,5966,3367,7213
-15796,-14784,20968,906,3076,4345
-13592,-13016,16360,-4422,-1330,-4552
-7624,-7224,8484,-4154,-3313,-5885
-1424,-3812,3376,-4562,-3322,-3993
-412,-4576,4052,2035,-596,-6
-8184,-10712,12056,5560,2443,4820
-17444,-19544,22972,2894,777,4079
-13384,-11480,16476,-3883,-4839,-5691
-1420,-4636,3804,-8016,-4077,-6712
1616,-2988,624,30,448,-396
-3772,-6192,6152,4636,3612,4763
-14076,-16000,19904,4041,4988,7396
-17012,-14356,21472,315,-115,715
-6876,-8924,11228,-4905,-3897,-8020
-3536,-5900,5040,-6073,-3407,-6250
-2860,-9112,8360,768,978,3031
-6516,-10996,11692,3136,3102,3396
-7892,-10984,11148,741,759,81
-7296,-10328,11660,660,-184,100
-6980,-10352,11568,238,-334,59
-7092,-10200,11496,139,210,232
-7492,-9876,11436,-236,219,170
-7192,-9720,11044,-916,-514,-526
-7084,-10100,10932,-337,-73,116
-7376,-10052,10864,-466,-210,-67
-6716,-9996,10772,-880,212,-330
-6560,-10100,10816,-328,662,-202
-7400,-9936,10860,-384,361,352
-7020,-10668,11096,-737,-347,-469
-6840,-10352,11048,-445,76,-624
-7272,-10672,11224,-95,93,78
-7184,-10644,11116,-576,-291,-579
-6444,-10444,10912,-406,-179,-470
-6824,-10320,10976,-138,-142,-270
-7020,-10296,11048,-89,-310,-311
-6540,-10532,11264,-117,-481,-466
-6212,-10544,10848,-428,-103,-152
-2668,-9544,6700,-386,487,538
-232,-12,-2320,1293,-1000,53
-456,-248,-124,2128,323,962
-832,-948,736,1684,523,806
-1120,-464,1600,-341,38,-277
-1420,-944,1128,-2012,-536,-1553
-1336,-1264,1532,-4360,-312,-1917
-1812,-1088,2856,-6836,313,-1825
-2304,-3292,2392,-5215,2008,2502
ax,ay,az,gx,gy,gz
-26868,-26108,1820,-28899,20767,5238
-18292,-19556,-1176,-19835,-7930,2980
-16664,-14112,1544,-13555,-23159,-1686
-13124,-14244,3452,-9411,-21758,-3112
-11136,-14252,3536,-5476,-15675,1167
-8644,-9136,5836,-4499,-14861,1293
-6384,-9900,5500,-1613,-18310,853
-6116,-9756,6200,3114,-14220,-1040
-6076,-7560,5896,7056,-8115,-6202
-5340,-5336,2956,5924,-7178,-899
-2380,-3992,4308,-2217,-8496,1838
-444,-8696,7444,-3601,651,1051
-1416,-17396,13840,2066,6036,-1372
-6980,-12380,12048,4992,-2,-802
-5224,-13864,11580,5464,4037,2570
-7828,-9304,14256,4655,4976,1657
-8084,-10356,11544,588,10023,10905
-11508,-9180,8264,4664,-2992,7659
-8808,-7108,8724,-2288,-1059,2667
-9912,-9020,11320,-2283,1121,2041
-10960,-8220,11716,-374,-870,1815
-10748,-7284,11744,-3265,-312,80
-9580,-8292,11720,-1191,276,-381
-8540,-7672,11020,-1758,1373,1426
-10176,-7324,9420,-383,1585,1117
-10856,-6420,10044,1251,-619,1114
-10568,-6508,11328,-1371,381,311
-10532,-7076,9916,-1315,1556,663
-9640,-7524,8764,89,-66,-881
-8780,-5756,9788,4438,-1753,-2201
-9528,-5732,10436,3250,-205,288
-9984,-6104,10892,-1046,765,1359
-10004,-6684,9812,-3105,2546,-122
-10268,-6968,9348,-2657,460,-1014
-10664,-7800,9852,-3240,502,90
-11164,-8608,9464,-444,-168,1239
-10964,-8360,10956,-330,-103,652
-11436,-7844,8620,-3631,5574,2677
-13780,-8664,7508,-3113,3796,1157
-12956,-7640,7024,-2223,-393,-3050
-12544,-8948,7212,15,-2731,-4835
-11504,-10704,8524,1498,-2458,-949
-10576,-9204,9432,2091,-699,1164
-11556,-8636,9180,912,-867,23
-10300,-7160,8412,1577,-2143,1357
-10360,-8676,10560,-204,-1900,1045
-10768,-8600,9652,-825,-769,-689
-10856,-7708,9328,-264,-757,-345
-10368,-8152,9164,-316,282,-569
-10380,-8772,9224,-499,40,54
-10384,-8520,9860,-130,-1275,427
-10316,-8856,9400,1507,-110,-1217
-10408,-7012,10796,273,-888,453
-10624,-8528,9932,-811,1425,1110
-10696,-8208,9556,-674,1138,396
-11192,-8808,8704,558,-629,-958
-9948,-7700,9844,-516,-2155,-1387
-10084,-8272,9784,-791,-255,-537
-9824,-8388,10152,414,-532,-164
-10252,-8516,10556,500,-27,195
-10604,-9304,9824,-53,-518,279
-9936,-8568,10080,-489,-115,-511
-9652,-8108,10560,-508,-669,-405
-10228,-7532,10740,772,-1023,-958
-9332,-7968,10108,-671,-13,1
-9136,-7972,10228,-491,-491,-283
-8696,-7632,9428,-406,-675,-541
-9800,-8912,12616,-64,6,-235
-12992,-11644,14920,855,-4,1826
-12116,-9516,15852,756,-2258,68
-6092,-6432,5028,-6345,4311,-1058
-4388,-4464,2396,-1224,4038,379
-7512,-6596,6312,5315,-2911,1205
-15364,-12440,19088,461,-2262,651
-4092,-3800,2288,-3694,2893,-356
-6948,-7252,5476,1279,-2696,-1447
-12892,-10320,12220,3001,-4971,-431
-13004,-12036,15772,1419,-2074,443
-12476,-12596,16252,-718,385,1002
-8312,-7952,10200,-3307,3338,-540
-6096,-5040,3352,-2821,2177,213
-6144,-5712,3540,-846,-1222,-677
-11044,-8940,9564,4070,-3642,-514
-14196,-11048,17556,3103,-3592,2074
-13576,-12228,18140,1453,585,1634
-9508,-7068,10996,-5119,5174,-1678
-5372,-4984,2568,-4649,4130,-128
-4944,-5304,2220,-39,-2098,-1899
-9708,-8916,10208,3964,-5964,-1730
-12644,-12044,17204,4672,-2068,1789
-12408,-11676,19224,2039,414,2382
-10256,-9532,13540,-3327,3783,-129
-5636,-5196,5120,-6218,7084,-1149
-6436,-6084,3628,-1122,258,-932
-9128,-8016,7972,1983,-5191,-244
-10596,-10376,11432,1835,-2133,-53
-10584,-9252,13136,1826,-663,525
-9868,-8968,11872,-824,1407,379
-9972,-8648,10240,-1393,1304,17
-9852,-8840,10476,110,-178,68
-10004,-8464,10156,-709,863,236
-9880,-8856,9712,-390,508,340
-9924,-8188,10152,-432,-414,-419
-9988,-7220,9660,127,-924,-795
-9808,-8572,10208,-597,49,130
-10148,-8544,10416,-109,275,261
-10312,-8284,9572,-145,537,141
-10228,-8304,10132,-215,-158,366
-10504,-8652,10368,-107,172,-105
-11088,-8256,8136,-921,1436,262
-7096,-6436,2836,724,-1498,-2188
56,300,-1072,2737,-3055,1062
-480,-552,288,2765,-1529,1981
-976,-668,852,1643,-872,1795
-1512,-612,1592,486,-1079,649
-1712,-412,1760,-1592,10,846
-1788,-892,1856,-2421,653,1148
-1940,-1352,2192,-3229,1559,1851
-2864,-1932,1988,-4205,2894,2773
ax,ay,az,gx,gy,gz
2364,-15236,12840,-523,-100,-311
-12292,-13928,15844,1431,5036,16673
-10100,-10976,21364,11475,-6581,15977
-11872,-3940,20620,11951,-8689,9369
-7216,-2496,14552,-9141,-1672,7417
-6808,-5532,12812,-17522,2168,8868
-7324,-7324,11976,-15031,-1239,12180
-6444,-9800,11220,-9884,-5264,8923
-5948,-8692,10780,-5544,-7401,9509
-6168,-7676,11500,-5710,-5228,8517
-6264,-7752,12436,-7405,-5947,6864
-5172,-7200,10788,-11059,-4674,6429
-5540,-7436,8476,-10272,-1626,9260
-10528,-8468,7136,-9104,-3647,8289
-14856,-11600,11312,-2109,-5617,8987
-10800,-7544,11516,-3829,-5621,17695
-10908,-7584,10144,-19576,1375,9400
-13604,-8744,8496,-19024,-1690,7454
-11268,-11412,4072,-10802,-7164,8612
-9712,-6692,2864,-321,-9994,3985
-7840,-11704,3832,-3379,-6520,-3193
-6152,464,6920,-5034,-3750,-701
-5600,-5312,5036,-4514,-3792,-185
-5628,-3096,7396,-1847,-2592,-1203
-9092,-4988,10128,1527,-410,4090
-11008,-7400,11044,3155,-1757,5129
-11284,-6404,11728,3150,-1182,5871
-11492,-7624,10332,939,219,6378
-10480,-5604,11920,1763,-357,3100
-32767,-13208,24624,-9207,-1724,-10612
-3660,-6156,4696,-9901,-7140,-4295
-7712,-11456,8908,-11220,-6565,-6712
-6480,-12004,9860,-405,185,-407
-8476,-14724,6016,-903,1500,-181
-11236,-10004,10940,1442,-2536,-3030
-5212,-12468,6876,-3912,5903,-423
-5840,-17152,14152,8024,-1469,3129
-11348,-13364,14132,2450,-7155,725
-4364,-12764,9044,4548,-16634,-5344
-3736,-9696,12764,3731,2649,3497
-5152,-5000,11052,150,4505,1707
-6012,-6064,11284,-1102,1079,-1490
-8692,-10728,11448,2482,955,-452
-6348,-8420,11812,5405,-708,-568
-6448,-6752,13856,3308,-83,467
-5388,-7988,12824,-853,-316,-284
-6820,-7672,13296,334,276,353
-7096,-6780,13148,-968,-545,-982
-6052,-7936,13156,-145,-309,-61
-5220,-8340,12992,853,-607,453
-7612,-7332,13840,1492,1337,1175
-6576,-6520,13500,-803,218,-408
-5496,-8172,12388,-2007,2889,-741
-7280,-8268,13456,-1807,312,-385
-6740,-6496,12092,-3974,2504,-1253
-9896,-8276,11984,-1803,-5454,2132
160,-3616,7936,-4897,750,349
-5084,-9832,12128,-3070,-4539,-5697
-2668,-14616,21576,10484,-26523,-24978
2028,-9200,10204,26422,-32767,-15680
10928,-5428,10032,-4034,-2970,-11545
7764,-6416,15772,-8987,-3980,900
9892,-8828,13708,-1197,-5701,-1817
8712,-9476,14292,-10524,685,10817
8580,-8228,9120,-12418,11473,10063
1248,-7612,13800,-3733,2411,-5180
7184,-6884,11112,13264,14744,-2888
6780,-4952,12256,6590,4485,-564
5044,-3968,12480,1021,5961,987
7740,-4972,12424,2326,-3369,-1795
5520,-5712,14484,-878,-1842,374
5228,-2096,13148,2652,-1919,-859
5804,-4968,14860,-69,-1299,131
5528,-3584,13588,-1017,156,2115
6300,-2928,12576,429,1086,1992
5872,-4768,14308,39,132,1429
6192,-4536,14380,-183,1454,1922
5404,-5616,14760,-2615,205,1200
5860,-4212,13876,-1632,-2188,-758
6460,-4340,14304,-3575,-3237,-1671
6744,-4260,13800,-614,2250,1602
5892,-5108,14732,-883,-1486,181
6888,-5584,14060,-3552,5584,2417
5240,-7040,14756,-1937,572,-72
4648,-5684,13048,-1864,-938,432
4620,-6156,14176,-2358,2460,2055
5096,-7540,14280,449,1868,3280
4064,-7064,14256,-1069,399,1107
4292,-6216,13096,-2188,1264,1079
3724,-6984,14136,1596,-1311,1386
3436,-7588,14132,-1549,4353,1899
3260,-7980,14528,791,2012,3148
1812,-8108,14532,242,3220,8404
-3248,-6560,16324,3159,6278,26260
-4096,-3860,14244,3492,2968,28124
-5636,-4008,14888,-466,4261,17059
-4104,-3060,14136,-4057,3767,5711
-3396,-3336,14572,-4765,2823,6336
-5224,-3448,15016,-4393,4091,6804
-6792,-3720,14536,-2790,2580,13297
-8132,-3852,12644,-800,1813,9692
-10068,-1284,13308,-1204,3066,16263
-11136,-1928,12632,-3833,1644,13075
-12360,-2016,11464,-1616,2182,9572
-13064,-108,12072,-652,2716,9073
-13820,-796,11628,994,2001,6756
-13148,-988,11416,-2406,3961,1539
-6672,2224,6940,-7003,6753,105
-13912,1780,10512,1197,-2394,8954
-14300,-404,10296,2270,-1204,-2481
-13540,-904,9840,-1748,5837,-2402
-10836,756,10432,4371,2819,-460
-16108,1684,10524,-5394,1080,5008
-12628,2644,8908,3300,2278,-5795
-14904,1116,8516,1714,745,809
-13620,-2448,9944,-1125,-2655,-349
-13740,1132,9104,-589,-2204,-6251
-13464,-680,9420,-2563,3030,5500
-13160,156,9436,-2692,2784,164
-14084,-1020,8824,-3363,1414,430
-14904,-892,7228,153,960,3217
-15292,160,8680,1564,-252,3213
-11756,3124,8820,2388,1436,3920
-15660,1932,8980,-286,989,2273
-14764,2440,7496,-2215,1224,1835
-13248,2240,7308,-220,1491,-1963
-14840,1952,8108,2152,-318,-1052
