ax,ay,az,gx,gy,gz
-1993,-34,-630,-36,-4,-2
-1991,-32,-625,-36,-11,3
-1993,-37,-640,-34,-4,0
-1982,-32,-618,-33,-10,-3
-1998,-27,-641,-33,-3,0
-1999,-27,-638,-34,-12,1
-1998,-31,-641,-31,-2,-3
-1996,-28,-623,-35,-8,1
-1988,-32,-641,-35,-8,0
-1994,-33,-616,-36,-6,0
-1987,-27,-645,-31,-11,-3
-1990,-39,-637,-36,-2,-3
-2004,-28,-634,-39,-6,0
-1995,-26,-642,-36,-6,1
-1982,-34,-630,-33,-7,-3
-1998,-34,-633,-36,-3,-2
-1972,-37,-626,-35,-13,0
-1995,-32,-643,-37,-5,4
-1982,-34,-621,-37,-6,-1
-2009,-28,-626,-33,-3,1
-1994,-28,-638,-33,-9,-1
-1991,-26,-632,-34,-1,1
-1995,-35,-629,-34,-7,-2
-1996,-35,-639,-32,-7,-2
-1986,-31,-624,-37,-6,-5
-1983,-27,-640,-32,-13,-4
-1999,-34,-642,-32,-1,-5
-1987,-45,-641,-29,-4,-3
-1992,-35,-642,-35,-7,-4
-1992,-31,-637,-34,-5,0
-1989,-32,-630,-32,-9,-1
-1984,-33,-626,-35,-5,-3
-1998,-37,-637,-33,-4,-1
-1981,-39,-639,-37,-7,1
-1996,-32,-638,-38,-4,0
-1988,-31,-625,-34,-12,-3
-1983,-34,-648,-33,-5,-2
-2002,-44,-632,-32,-6,-1
-1997,-26,-630,-32,-4,-2
-2001,-23,-638,-34,1,-2
-1996,-34,-623,-35,-9,-2
-1999,-37,-639,-38,-8,-1
-1986,-43,-642,-37,-9,-1
-1993,-31,-644,-32,-9,-2
-1985,-17,-627,-33,-11,-3
-1994,-33,-626,-36,-7,1
-2005,-41,-640,-39,-6,-2
-1987,-24,-627,-36,-9,-2
-2000,-32,-633,-35,-5,-3
-1992,-34,-638,-33,-5,-1
-1996,-38,-631,-34,-8,-2
-1990,-26,-641,-39,-7,-2
-1985,-39,-643,-36,-7,-1
-1990,-25,-627,-35,-5,1
-1996,-25,-624,-40,-5,-4
-1994,-47,-627,-37,-9,1
-1984,-36,-628,-37,-4,-4
-1993,-33,-630,-34,-6,-2
-1997,-39,-631,-35,-5,2
-1998,-38,-640,-34,-8,-4
-1993,-31,-623,-39,-10,1
-1994,-40,-651,-34,-6,1
-1980,-24,-626,-35,-11,-3
-1992,-35,-628,-34,-2,-6
-1974,-30,-639,-34,-13,0
-1995,-22,-629,-39,-3,-2
-1987,-33,-625,-34,-9,0
-1984,-44,-637,-35,-7,2
-1987,-30,-631,-35,-7,0
-1978,-35,-633,-38,-8,-3
-1990,-22,-619,-38,-5,-5
-1981,-39,-644,-35,-3,1
-1977,-27,-640,-34,-10,1
-1993,-37,-630,-32,-5,1
-1980,-32,-633,-37,-13,0
-1996,-38,-633,-34,-6,0
-1991,-27,-629,-31,-12,0
-1998,-39,-637,-34,-8,0
-1991,-34,-632,-34,-6,-4
-1995,-36,-630,-37,-8,-4
-1988,-36,-632,-35,-8,2
-1994,-33,-622,-32,-6,0
-1981,-44,-638,-39,-9,-2
-1995,-34,-628,-36,-10,-1
-1996,-34,-652,-33,-4,-2
-1986,-39,-618,-36,-9,-3
-1991,-33,-632,-33,-7,-2
-1988,-44,-643,-31,-5,-5
-1997,-38,-629,-32,-9,-3
-1979,-33,-647,-39,-9,-2
-1989,-32,-633,-33,-4,0
-1976,-40,-636,-36,-9,-2
-1989,-28,-635,-35,-8,-2
-1985,-33,-647,-37,-5,0
-1998,-23,-639,-36,-9,-3
-1987,-31,-626,-36,-3,0
-1993,-33,-632,-34,-6,-2
-1987,-36,-637,-36,-5,0
-1980,-34,-629,-38,-11,-1
-1996,-24,-638,-34,-11,2
-1990,-39,-628,-35,-5,1
-1989,-26,-627,-37,-5,-3
-1989,-39,-631,-33,-6,-3
-1996,-32,-626,-33,-7,-1
-1982,-41,-636,-35,-10,1
-1993,-38,-631,-36,-3,0
-1994,-28,-634,-34,-1,-1
-1990,-31,-615,-36,-10,-5
-2000,-35,-631,-38,-3,-2
-1992,-38,-637,-37,-9,1
-1991,-21,-644,-36,-2,1
-1993,-28,-629,-34,-4,2
-1989,-34,-632,-35,-7,1
-1981,-25,-624,-35,-10,-2
-1989,-39,-631,-37,-7,1
-1991,-31,-634,-33,-6,-1
-1991,-34,-625,-34,-2,-1
-1993,-33,-631,-34,-4,-7
-1995,-36,-641,-32,-7,-1
-1988,-33,-648,-33,-2,-3
-1989,-33,-634,-34,-8,-5
-1986,-29,-634,-31,-8,-2
-1990,-35,-629,-38,-6,-2
-2001,-45,-619,-36,-5,-2
-1992,-30,-637,-35,-9,-4
-1988,-41,-642,-36,-4,0
-1995,-33,-632,-36,-5,1
-1989,-29,-644,-31,-8,-2
-1988,-28,-641,-33,-6,0
-1990,-20,-639,-35,-10,1
-2001,-42,-619,-34,-2,-5
-1992,-30,-629,-28,-6,-2
-1982,-26,-627,-33,-9,-1
-1995,-27,-620,-34,1,2
-1990,-25,-645,-35,-7,-7
-1983,-32,-634,-37,-5,-2
-1986,-31,-636,-32,-6,-1
-1990,-30,-637,-35,-6,-1
-1999,-28,-631,-37,-9,-5
-1975,-31,-635,-40,-8,-1
-1990,-41,-630,-35,-7,0
-1996,-30,-629,-35,-8,-1
-1979,-32,-649,-33,-7,0
-1988,-33,-634,-35,-9,0
-1985,-30,-634,-33,-8,0
-1986,-36,-632,-35,-6,-1
-1983,-30,-634,-36,-9,0
-2001,-26,-648,-36,-3,-1
-1985,-25,-638,-35,-5,1
-1998,-38,-648,-36,-7,1
-1995,-34,-632,-34,-5,-3
-1981,-38,-632,-36,-11,1
-1983,-34,-637,-36,-6,-3
-2007,-38,-641,-34,-6,1
-1987,-33,-636,-34,-6,-2
-1980,-28,-628,-36,-12,0
-1994,-34,-643,-32,-8,-4
-1992,-27,-640,-33,-7,-5
-1990,-27,-645,-34,-3,-3
-1982,-36,-632,-33,-6,1
-1997,-34,-631,-38,-4,0
-1994,-34,-625,-36,-3,1
-1999,-30,-627,-34,-12,-3
-1995,-39,-627,-36,-5,-4
-1991,-34,-624,-37,-8,-6
-1990,-39,-637,-34,-9,-1
-1984,-26,-633,-34,-6,2
-1997,-32,-640,-35,-3,0
-1992,-32,-634,-34,-11,-4
-1998,-29,-638,-37,0,1
-1991,-28,-651,-35,-9,-4
-1999,-26,-633,-36,0,-2
-1994,-34,-634,-36,-3,-1
-1992,-29,-635,-33,-9,0
-1985,-34,-645,-34,-8,2
-1986,-41,-636,-37,-3,1
-1999,-23,-656,-34,-2,-1
-1997,-34,-629,-31,-11,-1
-1994,-31,-637,-36,-6,0
-2000,-19,-641,-32,-3,-3
-1987,-24,-647,-35,-6,-2
-1987,-29,-638,-36,-8,-2
-1996,-36,-620,-34,-9,2
-1994,-34,-627,-33,-4,0
-1987,-44,-633,-34,-6,-3
-1984,-35,-632,-33,-8,-4
-1998,-38,-632,-38,-6,-1
-1991,-38,-634,-32,-3,-4
-1986,-35,-626,-34,-10,-3
-1996,-38,-646,-36,1,-1
-1990,-25,-649,-33,-5,-3
-1985,-37,-625,-36,-10,-1
-1993,-29,-631,-36,-2,1
-1982,-32,-646,-34,-10,-4
-1989,-27,-634,-32,-8,-1
-1997,-32,-636,-34,-3,0
-1988,-43,-640,-35,-8,0
-1987,-19,-619,-38,-11,-1
-1994,-29,-638,-35,-7,-4
-1993,-25,-625,-34,-3,-3
-1989,-31,-640,-39,-6,-5
-1987,-34,-631,-34,-7,-5
-1997,-30,-634,-33,-10,5
-1992,-32,-636,-35,-3,0
-1990,-22,-639,-38,-14,-2
-1979,-36,-632,-34,-5,2
-1988,-42,-636,-36,-1,-2
-1971,-29,-623,-33,-11,-2
-1992,-29,-629,-37,1,3
-1997,-36,-641,-33,-8,-1
-1980,-28,-644,-38,-6,-3
-1986,-29,-638,-35,-2,-5
-1988,-34,-639,-37,-4,0
-1986,-33,-643,-37,-7,-2
-1987,-44,-640,-36,-7,-4
-1992,-30,-651,-35,-3,1
-1990,-30,-642,-34,-9,-2
-1996,-47,-637,-34,-8,1
-1991,-42,-633,-33,-8,1
-1992,-31,-630,-34,-15,1
-1983,-32,-632,-38,-8,1
-1987,-27,-624,-33,-8,-2
-2009,-25,-624,-34,0,-1
-1981,-39,-634,-37,-10,-1
-1983,-35,-640,-35,-13,1
-1995,-38,-640,-33,-2,-4
-1995,-31,-635,-36,-10,0
-2006,-27,-642,-35,1,0
-1987,-48,-639,-31,-12,2
-1991,-34,-639,-34,-3,-4
-1995,-27,-638,-35,-2,0
-1983,-36,-632,-35,-10,0
-1998,-31,-626,-34,-2,-2
-1987,-33,-641,-34,-5,-5
-1988,-34,-635,-35,-2,-4
-1980,-32,-635,-33,-8,0
-1994,-31,-637,-35,-1,-1
-1995,-29,-636,-37,-11,-3
-1988,-32,-636,-40,-15,-3
-1995,-36,-645,-35,-3,-4
-1988,-38,-643,-36,-7,-2
-1986,-30,-625,-35,-7,-4
-1991,-33,-642,-36,-9,0
-1998,-27,-631,-37,-11,-1
-1997,-29,-640,-33,-11,1
-1985,-25,-629,-35,-7,0
-1992,-31,-634,-36,-3,-3
-1991,-33,-638,-34,-8,-5
-1997,-29,-641,-36,-7,0
-1982,-25,-629,-38,-7,0
-1991,-41,-633,-36,-6,2
-1986,-38,-639,-35,-7,-1
-1990,-46,-635,-37,-4,-1
-1995,-32,-634,-35,-8,1
-1999,-22,-629,-31,-5,-3
-1992,-28,-633,-30,-8,-3
-1985,-34,-634,-33,-1,1
-1988,-36,-632,-36,-8,0
-1985,-29,-624,-36,-7,1
-1981,-35,-625,-37,-9,0
-1981,-26,-625,-36,-8,-5
-1992,-32,-640,-36,-6,-1
-1983,-33,-639,-39,-10,-2
-1978,-24,-634,-36,-7,0
-1990,-38,-636,-34,-7,-1
-1998,-39,-629,-40,-10,3
-1993,-37,-642,-33,-7,-4
-1994,-44,-629,-32,-7,-1
-1992,-28,-635,-35,-9,-3
-1997,-38,-634,-35,-7,-3
-1998,-33,-632,-36,-9,-1
-2000,-27,-634,-37,-5,-3
-1997,-38,-629,-33,-5,0
-1978,-43,-650,-37,-8,-1
-1976,-39,-636,-36,-6,-2
-1986,-28,-629,-33,-5,-2
-1998,-30,-624,-33,-3,-5
-1994,-28,-656,-33,-8,-3
-2000,-38,-632,-38,-5,-4
-1995,-42,-640,-33,-8,0
-1985,-39,-641,-36,-5,1
-1978,-33,-632,-36,-15,-1
-2001,-24,-642,-34,-1,1
-1987,-29,-631,-36,-4,-4
-1988,-24,-632,-36,-10,2
-1990,-41,-643,-37,-6,-2
-1994,-28,-634,-34,0,2
-1987,-31,-639,-33,-12,-3
-1979,-30,-630,-37,-5,-3
-1991,-35,-642,-34,-6,-1
-1985,-40,-641,-34,-11,-3
-2001,-25,-642,-35,2,-3
-1991,-28,-644,-34,-11,-1
-1990,-20,-644,-35,-5,3
-1988,-30,-638,-37,-10,0
-1983,-31,-630,-34,-11,-3
-1990,-27,-644,-35,-1,-4
-1984,-33,-641,-32,-14,-4
-1984,-23,-643,-37,-6,0
-1988,-27,-644,-36,-6,-5
-1971,-25,-624,-35,-10,0
-1997,-36,-636,-34,0,0
-1996,-34,-629,-34,-6,-2
-1988,-28,-631,-36,-7,-1
-1988,-27,-644,-34,-7,2
-1980,-28,-644,-36,-2,1
-1972,-39,-642,-36,-7,-3
-1986,-27,-632,-35,-5,-1
-1998,-29,-634,-37,-5,-5
-1991,-44,-654,-36,-7,2
-1993,-30,-636,-33,-6,-2
-1989,-37,-635,-33,-6,-2
-1999,-25,-638,-31,-4,-2
-1986,-36,-646,-34,-3,-2
-1989,-26,-646,-35,-9,-1
-1987,-33,-628,-35,0,2
-1992,-38,-649,-34,-8,-2
-1992,-35,-652,-34,-4,-2
-1988,-32,-638,-35,-8,-4
-1977,-36,-640,-32,-5,-2
-1986,-34,-629,-35,-4,-2
-1976,-38,-624,-39,-11,0
-1993,-42,-648,-34,-6,-2
-1987,-39,-635,-36,-3,-1
-1989,-32,-641,-31,-7,0
-1984,-28,-641,-35,-8,-2
-1989,-31,-645,-36,-6,-6
-2000,-26,-634,-36,-8,2
-1985,-35,-643,-36,-8,0
-1993,-33,-640,-37,-5,0
-1997,-29,-635,-37,-2,-3
-1989,-36,-641,-39,-10,-2
-1989,-34,-628,-31,-3,-2
-1993,-43,-627,-34,-6,1
-1978,-24,-649,-34,-4,-1
-1990,-40,-638,-37,-10,-4
-1994,-36,-641,-33,-7,0
-1983,-29,-635,-37,-7,-5
-1988,-29,-632,-37,-8,-4
-1988,-44,-634,-36,-7,0
-1989,-32,-629,-37,-9,-3
-1993,-35,-639,-36,-6,1
-1981,-37,-644,-36,-10,0
-1998,-38,-650,-34,-11,-1
-1983,-27,-630,-37,-5,-2
-2004,-28,-644,-38,-11,-1
-1987,-32,-640,-33,-4,3
-1997,-25,-624,-34,-6,-1
-2004,-18,-651,-38,-6,0
-1977,-25,-644,-34,-10,-5
-1999,-34,-633,-36,-7,-2
-1994,-28,-646,-36,-8,0
-2003,-37,-648,-35,-1,1
-1980,-31,-644,-32,-11,2
-1985,-30,-630,-35,-10,0
-1998,-28,-647,-36,-6,-8
-1995,-30,-638,-36,-9,-3
-1997,-35,-629,-36,-5,2
-1983,-27,-637,-34,-8,-6
-1987,-32,-642,-33,-6,1
-1997,-27,-632,-34,-8,-3
-1984,-33,-632,-33,-10,-3
-1989,-22,-633,-34,-1,-3
-1990,-39,-635,-38,-9,-3
-1975,-30,-623,-35,-10,1
-1996,-27,-645,-31,-4,2
-1997,-31,-648,-37,-9,-1
-1998,-38,-624,-33,-6,0
-1994,-25,-635,-33,-6,-4
-1990,-41,-649,-37,-8,-3
-1989,-27,-638,-37,-5,-4
-1987,-26,-633,-36,-6,1
-2002,-35,-627,-35,-1,-4
-1978,-32,-632,-35,-9,-3
-1982,-42,-642,-34,-8,-4
-2002,-32,-630,-34,-6,-2
-1997,-31,-642,-34,-10,-1
-1989,-37,-648,-34,-2,-5
-1995,-28,-637,-40,-3,-1
-1993,-30,-633,-37,-2,0
-1980,-38,-643,-36,-8,-1
-1996,-32,-643,-32,-2,1
-1972,-28,-635,-39,-9,0
-1986,-21,-639,-35,-5,2
-1976,-28,-630,-34,-7,-2
-1998,-36,-641,-36,-7,1
-2003,-28,-639,-35,-7,-3
-1989,-30,-630,-37,-9,2
-1982,-31,-634,-35,-11,4
-1995,-38,-647,-32,-6,3
-1990,-36,-644,-33,-6,-1
-1990,-27,-639,-34,-3,-2
-1988,-42,-639,-34,-5,2
-1982,-36,-635,-36,-8,1
-2006,-32,-640,-35,0,-2
-1991,-26,-634,-35,-10,-2
-1996,-22,-637,-34,-2,-2
-1982,-38,-633,-38,-4,-4
-1988,-27,-640,-30,-2,-2
-1977,-30,-641,-36,-6,-2
-1990,-31,-645,-37,-5,-2
-1982,-27,-639,-29,-8,-1
-1983,-29,-634,-32,-5,2
-1985,-29,-631,-35,-3,-3
-1999,-29,-635,-34,-7,-4
-1977,-26,-631,-34,-12,-2
-1985,-33,-640,-32,-7,-7
-1994,-30,-630,-34,-10,0
-1995,-34,-633,-34,-9,-9
-1985,-27,-641,-32,-8,-4
-1996,-36,-629,-33,-10,-2
-1979,-29,-643,-36,-9,-2
-1978,-35,-651,-37,-7,0
-1983,-39,-640,-37,-3,2
-1985,-37,-628,-38,-9,0
-1989,-28,-644,-37,-6,1
-1994,-40,-640,-33,-1,-4
-1982,-30,-636,-35,-7,-1
-1981,-30,-631,-34,-9,-1
-1997,-32,-637,-37,-6,-1
-1981,-24,-629,-32,-8,1
-1984,-29,-639,-37,-11,-5
-1989,-34,-649,-36,-4,-1
-1981,-30,-644,-33,-8,-4
-1982,-29,-638,-31,-5,-7
-1999,-34,-636,-32,-7,-2
-1990,-33,-639,-35,-8,-6
-1998,-25,-644,-34,-4,-2
-2001,-29,-648,-37,-10,-2
-1989,-23,-646,-36,-9,-5
-1997,-35,-643,-38,-6,0
-1987,-41,-639,-32,-13,-1
-1978,-30,-634,-34,-7,-2
-1989,-36,-644,-34,-9,1
-2002,-38,-643,-35,-4,0
-1988,-22,-650,-34,-8,1
-1982,-29,-641,-36,-6,-4
-1989,-33,-652,-33,-6,1
-1992,-28,-648,-34,-8,-1
-1981,-31,-637,-38,-9,-5
-1986,-35,-630,-34,-7,-1
-1993,-30,-639,-38,-8,-6
-1981,-37,-620,-32,-8,-2
-1990,-34,-633,-36,-10,-3
-1993,-32,-636,-33,-5,-1
-1996,-28,-649,-36,-9,-4
-1993,-30,-632,-35,-4,-1
-1986,-37,-648,-36,-11,-2
-1994,-36,-648,-36,-7,-4
-1990,-32,-649,-33,-9,-3
-1987,-35,-642,-35,-6,-6
-1987,-32,-619,-35,-11,-2
-1995,-30,-635,-38,-8,0
-1983,-30,-640,-36,-8,-5
-1986,-41,-641,-34,-5,2
-1988,-27,-633,-35,-3,0
-1986,-28,-638,-34,-10,-5
-1983,-29,-630,-32,-7,-1
-1987,-31,-628,-35,-9,-6
-1987,-30,-637,-35,-10,3
-1993,-31,-639,-35,-9,-4
-1990,-31,-635,-37,-2,-1
-1984,-37,-632,-31,-11,-1
-1993,-35,-629,-37,-8,-1
-1999,-34,-642,-36,-9,0
-1991,-39,-630,-33,-8,-3
-1982,-27,-643,-34,-8,0
-1992,-28,-644,-39,-2,1
-1983,-42,-632,-33,-12,0
-1994,-27,-632,-29,-8,2
-1996,-32,-660,-34,-10,1
-1988,-36,-645,-37,-10,-1
-1990,-23,-645,-35,-1,-3
-1991,-24,-637,-32,-7,-3
-1987,-35,-646,-36,-10,-4
-2003,-39,-649,-32,-11,2
-1986,-38,-623,-37,-4,-4
-1989,-28,-637,-34,-6,-2
-1988,-28,-634,-33,-4,-1
-1995,-37,-643,-36,-3,0
-1985,-37,-639,-33,-11,3
-1986,-37,-636,-34,-7,-2
-1992,-26,-637,-33,-4,-4
-2003,-40,-633,-36,-10,1
-1999,-21,-636,-33,-5,-3
-1987,-30,-644,-30,-1,1
-1989,-28,-632,-36,-7,-5
-1988,-34,-640,-34,-8,2
-1990,-29,-633,-32,-6,-2
-1987,-25,-640,-34,-9,-1
-1988,-28,-648,-38,-9,2
-1993,-31,-650,-38,-8,-2
-1993,-24,-633,-38,-6,-1
-1988,-40,-642,-39,-9,-6
-2004,-35,-640,-34,-4,1
-1994,-39,-650,-36,-5,1
-1980,-29,-648,-36,-11,-1
-1988,-25,-630,-39,-3,0
-1983,-32,-633,-38,-4,-4
-1992,-32,-635,-37,-7,-2
-2000,-39,-646,-33,-10,0
-1985,-40,-637,-34,-10,0
-1985,-36,-646,-36,-6,-2
-1985,-36,-624,-37,-2,0
-1983,-28,-641,-34,-9,-3
-1994,-41,-652,-38,-5,0
-1996,-24,-633,-35,-4,-4
-1988,-27,-632,-34,-2,-2
-1993,-30,-626,-38,-7,6
-1990,-32,-639,-35,-11,1
-2002,-28,-646,-35,-7,-1
-1997,-32,-629,-35,-9,-1
-1979,-28,-643,-37,-8,-4
-2002,-22,-629,-35,-5,-2
-1982,-30,-646,-38,-7,1
-1985,-39,-640,-35,-5,-3
-1993,-30,-639,-36,-6,-1
-1996,-31,-651,-33,-10,-5
-2004,-39,-631,-35,-6,-2
-1989,-27,-623,-37,-7,-1
-1989,-18,-644,-38,-11,-2
-1993,-31,-640,-32,-3,-2
-1986,-32,-635,-34,-8,-4
-1997,-31,-631,-32,-6,1
-1981,-37,-636,-31,-8,-7
-1988,-35,-639,-33,-8,-2
-1998,-35,-645,-35,-13,0
-1987,-43,-648,-38,-5,1
-1997,-33,-633,-29,-8,0
-1993,-35,-642,-34,-9,1
-1987,-30,-640,-30,-3,-1
-1983,-37,-645,-34,-9,0
-1985,-36,-637,-36,-4,-2
-1991,-39,-635,-36,-9,-2
-1991,-25,-644,-37,-8,-1
-1991,-32,-648,-32,-9,-3
-1994,-38,-639,-34,-12,-2
-1992,-38,-647,-34,-6,1
-1989,-35,-627,-32,-2,-3
-1984,-38,-637,-32,-5,-5
-1981,-37,-631,-34,-9,0
-1992,-24,-636,-37,-11,-3
-1984,-36,-627,-35,-8,1
-1996,-32,-651,-34,-1,-2
-1982,-32,-639,-35,-7,-5
-1986,-28,-646,-36,-5,1
-2002,-34,-631,-33,-2,-1
-1993,-35,-622,-35,-10,-2
-1979,-47,-641,-41,-11,-5
-1995,-29,-642,-33,-5,-4
-1989,-33,-640,-35,-9,-4
-1997,-35,-629,-35,-4,0
-1971,-24,-649,-31,-10,-1
-1993,-41,-637,-31,-4,-1
-1990,-42,-633,-34,-7,1
-1977,-36,-637,-34,-10,0
-1977,-32,-632,-32,-2,0
-1979,-41,-628,-32,-6,-1
-2002,-31,-650,-36,-9,-3
-2001,-36,-638,-39,-8,-1
-1993,-29,-630,-34,-14,-5
-1991,-34,-650,-37,-10,-4
-2006,-33,-648,-34,-5,-3
-1994,-30,-628,-37,-8,-1
-1999,-30,-658,-36,-4,-2
-1997,-32,-630,-35,-5,-1
-1996,-40,-639,-34,-3,-1
-1999,-29,-642,-34,-4,-3
-1973,-35,-637,-34,-11,-2
-1995,-29,-654,-34,-8,1
-1993,-29,-640,-34,-13,-4
-1992,-29,-640,-34,-6,-1
-1989,-34,-641,-33,-7,-4
-1992,-24,-640,-32,-4,3
-1988,-43,-648,-36,-7,0
-1984,-42,-650,-35,-4,-3
-1994,-33,-652,-35,-5,0
-1993,-36,-638,-31,-8,3
-1989,-27,-638,-35,-9,-2
-1987,-31,-646,-35,-7,-1
-1979,-31,-645,-35,-9,-2
-1978,-27,-635,-32,-2,-5
-1989,-31,-648,-34,-5,-2
-1986,-38,-646,-38,-9,-5
-1987,-40,-639,-37,-9,-3
-1983,-35,-629,-34,-11,-4
-1989,-25,-637,-36,-9,-2
-1989,-30,-648,-30,-4,2
-1996,-37,-639,-36,-10,0
-1980,-29,-638,-34,-10,1
-1990,-32,-630,-38,-2,1
-1985,-37,-633,-38,-10,-1
-1988,-34,-637,-36,-6,1
-1981,-30,-627,-37,-3,-2
-1994,-26,-646,-36,-9,0
-1985,-27,-630,-33,-7,-4
-1994,-33,-629,-36,-9,-2
-1988,-27,-635,-36,-2,-1
-1984,-41,-637,-37,1,-3
-1985,-33,-650,-33,-12,1
-1998,-35,-643,-33,-3,0
-1991,-29,-651,-28,-11,-5
-1985,-33,-634,-37,-5,-4
-1982,-25,-639,-34,-11,0
-1991,-30,-637,-34,-10,-2
-1972,-33,-641,-37,-14,-1
-1990,-26,-646,-38,-1,2
-1981,-40,-649,-38,-11,0
-1998,-41,-637,-34,-8,-2
-1988,-28,-640,-36,-5,-4
-1990,-35,-647,-35,-12,0
-1992,-26,-646,-36,-6,-3
-1982,-27,-647,-32,-8,-2
-2000,-27,-637,-37,-5,2
-1985,-31,-637,-36,-14,2
-1988,-40,-643,-35,-2,-3
-1992,-37,-654,-39,-8,0
-1995,-49,-623,-33,-2,-2
-1987,-29,-652,-34,-12,-1
-1994,-45,-639,-40,-6,1
-1991,-36,-641,-33,-10,-2
-1982,-37,-630,-35,-10,-3
-1985,-25,-636,-36,-3,-2
-1986,-26,-651,-38,-8,-2
-1987,-33,-624,-35,-4,-2
-1989,-35,-649,-34,-11,-9
-1996,-38,-631,-37,-3,0
-1982,-28,-640,-37,-6,0
-1996,-34,-641,-33,-11,1
-1986,-37,-638,-30,-6,-1
-1986,-31,-628,-39,0,-7
-1986,-37,-645,-35,-7,-1
-1984,-37,-647,-34,-7,4
-1991,-37,-639,-36,-5,-1
-1989,-26,-636,-35,-8,-5
-1989,-41,-631,-38,-1,-2
-1987,-26,-637,-34,-10,3
-1980,-30,-630,-34,-6,3
-1980,-34,-640,-38,-4,1
-1990,-32,-645,-37,-6,-1
-1995,-36,-642,-35,-9,-2
-1992,-36,-633,-38,-7,0
-2001,-27,-646,-33,-8,0
-1983,-27,-655,-33,-4,-1
-1992,-35,-641,-36,-8,-2
-1977,-29,-644,-35,-7,-2
-2002,-33,-648,-33,-6,-4
-1983,-24,-648,-35,-7,-4
-1994,-39,-635,-38,-3,0
-1990,-36,-638,-36,-12,-2
-1983,-27,-633,-33,-5,-1
-1989,-36,-629,-35,-5,0
-1997,-28,-639,-35,-6,-2
-1987,-23,-643,-35,-8,-1
-1985,-31,-644,-33,-5,-2
-1990,-36,-634,-35,-5,-1
-1982,-23,-641,-33,-6,-1
-1993,-33,-637,-35,-10,-4
-1978,-25,-643,-37,-4,-6
-1975,-28,-636,-38,-9,1
-1984,-28,-649,-32,-1,0
-1985,-38,-627,-35,-5,-3
-1985,-30,-655,-36,-2,-4
-2004,-29,-638,-34,-11,1
-1996,-25,-639,-34,-5,1
-1986,-25,-658,-35,-7,-7
-1989,-32,-638,-33,-4,-3
-1998,-38,-639,-38,-3,-5
-2004,-39,-631,-34,-5,-2
-1986,-31,-634,-35,-11,0
-1982,-32,-634,-34,-11,-1
-1984,-29,-629,-35,-4,-4
-1983,-31,-636,-34,-6,-7
-1991,-22,-622,-33,-7,1
-1986,-32,-641,-35,-9,-3
-1981,-32,-639,-36,-6,-1
-1979,-37,-634,-33,-10,3
-2002,-34,-626,-34,-7,0
-1987,-30,-637,-38,-6,0
-1990,-30,-637,-37,-11,-4
-1981,-28,-635,-38,-4,-5
-1998,-27,-631,-35,-5,-2
-1990,-35,-643,-39,-11,0
-1984,-32,-638,-40,-6,-3
-1979,-23,-637,-34,-5,-3
-1985,-31,-637,-36,-5,-7
-1981,-29,-632,-32,-13,-5
-1992,-42,-627,-36,-5,-3
-1996,-32,-629,-36,-10,-3
-1997,-30,-633,-37,-11,-6
-1985,-45,-627,-35,-12,-1
-1992,-37,-647,-37,-7,-3
-1995,-31,-651,-34,-6,-3
-1985,-20,-642,-36,-8,-1
-1987,-18,-646,-37,-11,-2
-1994,-35,-647,-34,-6,3
-2002,-26,-646,-35,-4,-1
-1985,-31,-633,-33,-15,1
-1989,-33,-638,-32,-2,-5
-1979,-37,-649,-34,-9,-4
-1983,-38,-639,-36,-7,-4
-1988,-33,-639,-34,-12,-1
-1992,-33,-647,-35,-6,-2
-1988,-30,-642,-36,-5,-2
-1993,-31,-649,-34,-7,-3
-1989,-36,-642,-36,-2,1
-1989,-22,-637,-33,-9,-1
-1993,-30,-638,-34,-6,-1
-1978,-25,-625,-36,-7,-2
-1981,-38,-652,-34,-4,-4
-1989,-28,-639,-32,0,-1
-1976,-32,-642,-35,-5,-1
-1989,-34,-636,-34,-5,1
-1999,-36,-634,-34,-10,-4
-1986,-21,-649,-34,-10,-3
-1998,-43,-640,-38,-3,0
-1989,-39,-648,-34,-13,-2
-1987,-36,-638,-39,-5,1
-1992,-39,-643,-37,-14,-2
-1990,-28,-640,-37,-10,-1
-2001,-29,-644,-33,-9,1
-1999,-31,-626,-35,-6,-6
-1987,-30,-642,-36,-3,-3
-1985,-20,-641,-36,-15,-5
-1987,-32,-636,-37,-3,0
-1994,-35,-633,-34,-9,-3
-1973,-31,-637,-32,-9,-6
-1994,-35,-642,-35,-4,-2
-1995,-28,-638,-35,-5,1
-1989,-29,-643,-36,-3,-3
-1996,-26,-641,-33,-9,-1
-1980,-25,-636,-37,-5,-1
-1997,-33,-640,-32,-5,3
-1985,-43,-645,-31,-5,-5
-1988,-40,-622,-33,-12,1
-1999,-34,-637,-37,-4,-2
-1986,-31,-639,-32,-14,-3
-1978,-30,-642,-33,-2,-1
-1990,-37,-645,-34,-4,-3
-1985,-38,-650,-37,-11,-3
-1981,-30,-645,-37,-8,-3
-1987,-38,-644,-34,-6,-3
-1999,-36,-635,-35,-10,1
-1987,-34,-638,-38,-8,-2
-1997,-29,-652,-40,-3,-4
-1988,-35,-633,-31,-6,-4
-1996,-41,-644,-35,-2,1
-1986,-36,-646,-34,-9,-2
-1990,-37,-636,-36,-4,-2
-1996,-28,-637,-37,-9,-1
-1988,-39,-632,-37,-10,1
-1981,-18,-640,-36,-6,-1
-1996,-28,-644,-34,-6,-4
-1987,-39,-649,-38,-9,-5
-1986,-33,-631,-31,-10,0
-1981,-30,-643,-37,-3,-3
-1978,-37,-634,-35,-8,-4
-1990,-32,-639,-37,-4,-5
-1983,-34,-647,-38,-8,-1
-1976,-36,-638,-34,-5,-3
-1994,-33,-631,-35,-3,-4
-1979,-26,-639,-37,-10,-2
-1999,-38,-638,-33,-10,-3
-1985,-28,-644,-34,-5,-4
-1987,-41,-640,-35,-8,-1
-1999,-31,-647,-34,-7,1
-1976,-32,-638,-34,-7,-1
-1980,-29,-638,-33,-7,-3
-1993,-27,-630,-36,-4,0
-1990,-28,-637,-34,-9,-4
-1989,-35,-630,-36,-2,-4
-1997,-40,-641,-36,-11,-6
-1985,-34,-637,-34,-6,-2
-1984,-19,-648,-35,-6,-3
-1986,-33,-642,-36,-12,-2
-1978,-32,-641,-36,-10,-1
-1997,-40,-638,-28,-6,-1
-1998,-33,-656,-35,-10,-4
-1998,-39,-646,-36,0,-1
-1993,-32,-652,-36,-7,-6
-1994,-35,-638,-36,-7,-1
-1987,-34,-635,-37,-3,1
-1996,-32,-641,-35,-9,-5
-1994,-30,-640,-33,-10,-4
-1993,-37,-636,-35,-9,-1
-1996,-34,-630,-36,-4,1
-1989,-28,-643,-36,-5,-2
-1980,-32,-638,-33,-13,0
-1994,-29,-643,-32,0,-5
-2003,-48,-643,-34,-10,2
-1980,-34,-632,-38,-7,-4
-1999,-26,-652,-32,-3,-6
-1986,-32,-646,-39,-8,-2
-1984,-36,-640,-36,-5,-3
-1999,-36,-635,-36,-3,1
-1986,-30,-635,-35,-9,1
-1987,-27,-636,-33,-6,0
-2001,-37,-639,-33,-7,-3
-1992,-35,-642,-38,-10,-2
-1982,-30,-645,-39,-5,-4
-1989,-42,-649,-37,0,-1
-1992,-30,-641,-32,-4,-2
-1989,-26,-638,-37,-13,-1
-1986,-30,-641,-37,-9,-2
-1992,-23,-642,-35,-4,-5
-1986,-26,-631,-36,-7,-2
-2001,-36,-637,-33,-8,-3
-1987,-24,-632,-33,-5,0
-1988,-33,-638,-36,1,-3
-1978,-42,-639,-34,-12,0
-1997,-25,-649,-31,-9,1
-1995,-29,-632,-35,-4,0
-1972,-32,-632,-31,-12,-3
-1999,-41,-661,-36,-4,-3
-1993,-29,-654,-37,-2,-1
-1987,-41,-627,-35,-14,-4
-1992,-32,-632,-33,-16,-2
-2011,-30,-636,-33,-3,-3
-1998,-31,-647,-38,-5,-1
-1986,-40,-635,-36,-9,2
-2003,-29,-637,-34,-3,0
-1994,-40,-640,-38,-6,-4
-1977,-29,-636,-33,-10,-1
-1983,-36,-645,-36,-11,-6
-1980,-33,-649,-33,-10,-3
-1995,-44,-641,-34,0,-5
-1987,-34,-625,-35,-6,-4
-1976,-36,-632,-37,-6,-3
-1982,-30,-635,-34,-2,-3
-1995,-36,-643,-35,-8,-1
-1993,-34,-649,-34,-4,-3
-1988,-31,-653,-37,-10,0
-1995,-30,-633,-35,-9,-5
-1988,-28,-637,-40,-8,-4
-1982,-37,-641,-40,-13,-4
-1989,-39,-644,-32,-8,-3
-1983,-37,-645,-34,-8,0
-1992,-34,-638,-38,-4,-1
-1985,-33,-648,-37,-15,-2
-1985,-27,-647,-37,-6,4
-1999,-42,-634,-34,-8,-3
-1985,-31,-634,-36,-1,-3
-1991,-40,-643,-32,-8,3
-1991,-42,-651,-37,-5,-3
-1989,-26,-633,-35,-6,-1
-1983,-32,-632,-36,-3,-1
-1985,-24,-645,-33,-8,-1
-1980,-39,-640,-36,-6,-5
-1986,-28,-642,-35,-6,-6
-1975,-27,-639,-34,-8,-2
-1976,-35,-640,-36,-8,-4
-1984,-29,-639,-34,-4,-3
-1994,-27,-638,-35,-8,-2
-1994,-33,-648,-31,-9,-1
-1999,-33,-641,-37,-12,-1
-1985,-40,-644,-36,-6,0
-1988,-40,-634,-34,-5,0
-1989,-34,-643,-34,-12,-2
-1984,-32,-648,-36,-8,1
-1998,-32,-637,-31,-7,-3
-1991,-38,-644,-32,-10,-2
-1983,-44,-639,-34,-6,2
-1998,-36,-647,-36,-8,0
-1989,-36,-627,-35,-10,-3
-1995,-34,-631,-36,-8,-5
-1989,-25,-636,-37,-4,-3
-1995,-34,-648,-35,-1,-3
-1975,-29,-641,-38,-8,-2
-1993,-34,-634,-35,-2,0
-1983,-25,-639,-34,-4,-3
-1999,-28,-634,-32,-4,-2
-1983,-33,-626,-34,-10,-5
-1990,-38,-632,-38,-6,-1
-2002,-26,-651,-38,-5,-5
-1975,-36,-647,-35,-12,-3
-1976,-35,-636,-31,-6,-3
-1995,-21,-634,-34,-6,-2
-1987,-25,-643,-34,-7,-4
-1986,-26,-636,-33,-6,-3
-2002,-33,-630,-34,-9,-3
-1980,-32,-637,-30,-9,-3
-1980,-28,-639,-36,-6,-5
-1987,-33,-649,-36,-2,1
-1984,-30,-629,-35,-9,-3
-1980,-47,-637,-37,-3,1
-1984,-35,-641,-35,-5,4
-1981,-35,-635,-38,-15,-3
-1986,-27,-644,-36,-2,-2
-1994,-39,-652,-35,-14,-2
-1996,-43,-649,-36,-8,0
-1994,-33,-633,-35,-9,-2
-1992,-43,-630,-37,-8,-2
-1992,-37,-640,-38,-7,-2
-1981,-28,-633,-36,-12,2
-1986,-35,-637,-33,-7,-2
-1983,-27,-645,-36,-10,-2
-1987,-38,-635,-38,-4,0
-1990,-23,-651,-37,-11,-4
-1989,-34,-640,-38,-10,1
-1982,-35,-641,-36,-8,-1
-1987,-47,-635,-37,-11,-2
-1995,-34,-637,-35,-5,-4
-1991,-29,-630,-36,-8,-4
-1992,-42,-645,-33,-2,-1
-1985,-24,-650,-37,-11,-3
-1986,-37,-635,-31,-5,-2
-1995,-27,-639,-37,-6,-1
-1981,-34,-646,-32,-10,0
-1990,-24,-636,-39,-2,-6
-1991,-35,-648,-38,-10,-3
-1982,-38,-629,-36,-12,0
-1978,-34,-648,-32,-3,0
-1992,-30,-653,-36,-9,0
-1982,-27,-649,-34,-9,-2
-1995,-24,-641,-33,-8,-2
-1985,-33,-645,-35,-9,-1
-1992,-36,-620,-36,-2,0
-1988,-30,-628,-38,-7,2
-1988,-27,-630,-34,-7,-6
-1975,-29,-644,-36,-5,-1
-1983,-30,-633,-35,-8,-2
-1991,-43,-634,-33,-5,-3
-1975,-33,-646,-33,-9,-3
-1998,-30,-632,-38,0,-3
-1991,-39,-643,-33,-14,-1
-1995,-37,-632,-36,-4,1
-2001,-40,-633,-33,-10,-2
-1993,-22,-643,-34,-6,-5
-1995,-37,-638,-35,-8,-1
-1989,-34,-649,-37,-4,-5
-1995,-40,-637,-36,-8,-4
-1973,-39,-628,-34,-6,1
-1984,-36,-637,-35,-3,-3
-1994,-31,-633,-35,0,0
-1984,-29,-639,-36,-10,-7
-1988,-28,-634,-39,-2,0
-1996,-45,-643,-33,-9,1
-1984,-31,-640,-36,-8,-3
-1990,-37,-630,-40,-5,-4
-1992,-34,-631,-38,-5,-4
